40960,360,390
40961,333,386
40962,326,384
40963,315,382
40964,294,378
40965,374,376
40966,319,371
40967,311,368
40968,327,365
40969,322,359
40970,338,357
40971,308,353
40972,342,351
40973,330,349
40974,319,346
40975,353,346
40976,312,343
40977,333,341
40978,324,338
40979,324,336
40980,357,336
40981,310,333
40982,342,332
40983,344,331
40984,344,330
40985,369,331
40986,327,331
40987,360,332
40988,367,334
40989,352,336
40990,345,335
40991,365,337
40992,399,341
40993,335,341
40994,336,341
40995,333,341
40996,364,343
40997,363,344
40998,348,345
40999,370,347
41000,341,347
41001,368,349
41002,342,349
41003,374,351
41004,356,352
41005,353,352
41006,380,355
41007,370,356
41008,349,356
41009,341,356
41010,401,358
41011,365,359
41012,372,360
41013,375,360
41014,349,360
41015,370,361
41016,369,361
41017,423,362
41018,378,364
41019,367,365
41020,368,366
41021,371,367
41022,378,367
41023,409,370
41024,396,371
41025,385,372
41026,384,373
41027,367,374
41028,364,374
41029,394,375
41030,382,376
41031,386,377
41032,377,377
41033,415,379
41034,407,382
41035,387,382
41036,404,383
41037,384,384
41038,382,384
41039,391,386
41040,458,389
41041,385,390
41042,410,389
41043,427,391
41044,396,392
41045,388,393
41046,404,394
41047,401,395
41048,431,396
41049,419,397
41050,437,399
41051,408,400
41052,419,402
41053,413,404
41054,414,405
41055,449,408
41056,452,410
41057,428,412
41058,440,413
41059,422,414
41060,420,415
41061,415,416
41062,464,419
41063,437,421
41064,467,424
41065,435,423
41066,424,425
41067,496,428
41068,450,429
41069,456,432
41070,433,433
41071,442,435
41072,451,437
41073,443,437
41074,458,439
41075,481,441
41076,485,444
41077,459,445
41078,446,447
41079,448,448
41080,467,449
41081,464,449
41082,477,451
41083,467,452
41084,484,455
41085,468,457
41086,473,459
41087,466,459
41088,447,459
41089,455,459
41090,462,460
41091,501,463
41092,500,463
41093,485,465
41094,490,466
41095,508,469
41096,499,471
41097,488,473
41098,487,475
41099,512,477
41100,476,477
41101,511,478
41102,488,479
41103,470,480
41104,488,481
41105,489,482
41106,498,484
41107,507,485
41108,525,487
41109,523,489
41110,505,490
41111,489,491
41112,500,492
41113,534,496
41114,519,498
41115,515,500
41116,500,500
41117,526,501
41118,492,502
41119,534,503
41120,518,504
41121,504,504
41122,504,505
41123,504,505
41124,538,506
41125,515,508
41126,533,509
41127,565,512
41128,536,514
41129,493,515
41130,506,515
41131,506,516
41132,506,516
41133,526,516
41134,538,516
41135,516,517
41136,503,517
41137,550,519
41138,531,519
41139,541,520
41140,545,521
41141,534,523
41142,502,522
41143,542,524
41144,544,524
41145,547,525
41146,498,525
41147,526,526
41148,511,526
41149,492,524
41150,507,524
41151,518,523
41152,546,523
41153,510,522
41154,510,522
41155,506,522
41156,530,523
41157,566,526
41158,501,525
41159,483,522
41160,538,523
41161,482,522
41162,517,521
41163,515,520
41164,472,518
41165,481,515
41166,470,513
41167,497,512
41168,475,510
41169,475,507
41170,465,504
41171,471,503
41172,482,501
41173,499,500
41174,475,500
41175,466,498
41176,487,497
41177,481,494
41178,462,492
41179,505,492
41180,495,492
41181,477,489
41182,500,487
41183,487,486
41184,483,486
41185,496,485
41186,492,485
41187,465,483
41188,462,481
41189,450,480
41190,492,480
41191,456,480
41192,456,478
41193,472,478
41194,488,479
41195,476,479
41196,461,479
41197,485,479
41198,457,477
41199,463,477
41200,457,476
41201,444,474
41202,456,473
41203,463,474
41204,454,471
41205,441,469
41206,455,468
41207,440,466
41208,451,465
41209,453,463
41210,441,461
41211,460,460
41212,440,459
41213,521,461
41214,437,461
41215,433,458
41216,435,458
41217,444,457
41218,445,456
41219,439,454
41220,459,453
41221,454,453
41222,441,451
41223,452,451
41224,479,452
41225,428,451
41226,413,449
41227,449,449
41228,449,449
41229,495,450
41230,451,451
41231,419,449
41232,446,449
41233,437,449
41234,435,448
41235,431,448
41236,428,446
41237,455,447
41238,445,444
41239,491,446
41240,421,446
41241,412,445
41242,445,445
41243,429,444
41244,415,443
41245,418,442
41246,396,439
41247,447,439
41248,419,438
41249,400,435
41250,420,435
41251,480,437
41252,420,436
41253,434,436
41254,424,433
41255,408,431
41256,413,431
41257,434,430
41258,436,430
41259,380,428
41260,419,428
41261,451,428
41262,433,428
41263,418,427
41264,376,422
41265,391,421
41266,381,419
41267,370,416
41268,379,414
41269,377,413
41270,392,412
41271,360,410
41272,362,407
41273,402,406
41274,406,407
41275,407,406
41276,376,402
41277,390,401
41278,397,399
41279,383,398
41280,405,398
41281,385,396
41282,375,394
41283,403,393
41284,375,393
41285,369,391
41286,392,388
41287,395,387
41288,362,384
41289,364,384
41290,384,384
41291,394,384
41292,356,384
41293,352,383
41294,372,382
41295,408,383
41296,354,383
41297,354,382
41298,347,380
41299,350,378
41300,334,375
41301,356,374
41302,358,373
41303,351,371
41304,355,370
41305,357,368
41306,335,366
41307,344,365
41308,337,362
41309,338,361
41310,370,361
41311,351,359
41312,387,359
41313,326,357
41314,350,357
41315,350,355
41316,362,354
41317,331,353
41318,351,353
41319,340,352
41320,354,350
41321,322,348
41322,351,348
41323,399,350
41324,331,350
41325,334,350
41326,312,348
41327,333,347
41328,352,347
41329,320,345
41330,326,344
41331,326,344
41332,303,342
41333,324,342
41334,351,342
41335,302,340
41336,317,338
41337,300,335
41338,322,335
41339,318,333
41340,298,331
41341,332,330
41342,329,330
41343,363,330
41344,319,330
41345,320,328
41346,370,330
41347,309,328
41348,281,324
41349,281,322
41350,287,320
41351,315,320
41352,306,319
41353,272,316
41354,304,315
41355,290,314
41356,338,314
41357,288,313
41358,268,311
41359,269,308
41360,284,307
41361,321,307
41362,302,307
41363,271,305
41364,324,306
41365,280,305
41366,257,302
41367,283,300
41368,287,297
41369,276,295
41370,267,293
41371,288,290
41372,312,290
41373,271,290
41374,272,289
41375,328,291
41376,278,289
41377,270,288
41378,280,288
41379,259,287
41380,257,285
41381,262,282
41382,264,281
41383,231,280
41384,246,279
41385,254,278
41386,247,275
41387,261,273
41388,273,273
41389,254,270
41390,269,270
41391,248,269
41392,262,269
41393,314,270
41394,242,268
41395,242,267
41396,258,266
41397,256,264
41398,262,264
41399,251,263
41400,253,260
41401,254,259
41402,214,257
41403,243,255
41404,248,255
41405,271,255
41406,268,255
41407,239,254
41408,261,256
41409,241,255
41410,265,256
41411,221,255
41412,253,254
41413,249,254
41414,253,253
41415,279,254
41416,237,253
41417,261,253
41418,287,252
41419,250,253
41420,282,254
41421,253,254
41422,255,254
41423,281,255
41424,269,255
41425,273,256
41426,316,259
41427,280,261
41428,253,262
41429,287,263
41430,273,263
41431,285,264
41432,281,266
41433,269,266
41434,303,269
41435,299,270
41436,267,272
41437,288,273
41438,297,275
41439,302,277
41440,284,277
41441,311,280
41442,297,282
41443,288,282
41444,263,282
41445,294,283
41446,286,284
41447,309,286
41448,319,288
41449,280,288
41450,278,288
41451,295,288
41452,290,288
41453,312,290
41454,304,291
41455,282,291
41456,300,292
41457,295,292
41458,280,293
41459,364,295
41460,287,295
41461,328,297
41462,324,299
41463,292,299
41464,310,299
41465,313,300
41466,299,300
41467,322,301
41468,320,302
41469,330,305
41470,313,305
41471,310,306
41472,318,307
41473,297,306
41474,313,307
41475,332,309
41476,332,311
41477,363,314
41478,336,315
41479,317,315
41480,305,316
41481,307,316
41482,305,317
41483,310,318
41484,322,316
41485,313,317
41486,335,318
41487,317,317
41488,336,319
41489,346,320
41490,350,322
41491,320,323
41492,337,323
41493,356,325
41494,336,325
41495,338,326
41496,333,327
41497,307,327
41498,337,328
41499,332,329
41500,347,329
41501,336,330
41502,361,330
41503,356,330
41504,334,331
41505,349,333
41506,411,337
41507,330,338
41508,370,340
41509,367,342
41510,374,345
41511,337,345
41512,341,346
41513,347,346
41514,338,346
41515,381,347
41516,347,348
41517,354,349
41518,357,349
41519,368,350
41520,362,351
41521,385,353
41522,369,356
41523,373,357
41524,347,358
41525,404,360
41526,363,361
41527,342,360
41528,364,361
41529,370,362
41530,370,363
41531,353,361
41532,358,362
41533,376,362
41534,374,362
41535,407,363
41536,381,365
41537,385,367
41538,385,369
41539,404,371
41540,382,371
41541,377,372
41542,360,373
41543,394,374
41544,383,375
41545,422,377
41546,395,378
41547,392,378
41548,413,380
41549,387,382
41550,376,381
41551,415,383
41552,402,385
41553,403,387
41554,419,389
41555,392,389
41556,415,392
41557,421,394
41558,421,396
41559,410,398
41560,455,400
41561,417,401
41562,430,403
41563,481,407
41564,397,406
41565,397,407
41566,412,408
41567,432,411
41568,428,413
41569,426,414
41570,462,416
41571,479,419
41572,430,421
41573,434,422
41574,422,423
41575,442,426
41576,424,426
41577,436,427
41578,436,429
41579,426,429
41580,433,431
41581,473,433
41582,446,434
41583,472,436
41584,458,438
41585,452,438
41586,468,440
41587,454,441
41588,474,441
41589,460,443
41590,459,446
41591,456,447
41592,436,447
41593,464,449
41594,470,451
41595,438,450
41596,460,449
41597,473,451
41598,470,452
41599,446,453
41600,448,453
41601,494,456
41602,472,458
41603,504,460
41604,495,463
41605,468,464
41606,488,465
41607,483,466
41608,486,467
41609,467,467
41610,460,468
41611,460,467
41612,477,468
41613,482,469
41614,558,473
41615,485,474
41616,534,477
41617,489,479
41618,477,479
41619,501,481
41620,487,483
41621,496,484
41622,479,484
41623,491,485
41624,515,488
41625,524,491
41626,510,492
41627,503,493
41628,473,492
41629,517,492
41630,516,494
41631,493,495
41632,508,496
41633,535,497
41634,502,499
41635,485,500
41636,496,501
41637,506,502
41638,516,504
41639,498,501
41640,523,503
41641,522,502
41642,506,503
41643,518,505
41644,511,505
41645,516,506
41646,492,506
41647,530,508
41648,516,509
41649,496,508
41650,520,508
41651,560,510
41652,516,511
41653,539,513
41654,497,513
41655,515,513
41656,504,513
41657,512,513
41658,503,512
41659,513,512
41660,491,513
41661,493,513
41662,497,512
41663,530,513
41664,490,512
41665,513,512
41666,498,511
41667,530,512
41668,513,512
41669,534,513
41670,490,512
41671,477,511
41672,499,510
41673,504,509
41674,486,509
41675,495,508
41676,481,505
41677,477,503
41678,482,501
41679,507,501
41680,473,500
41681,492,499
41682,486,498
41683,484,497
41684,495,497
41685,467,496
41686,485,495
41687,483,495
41688,449,492
41689,466,491
41690,485,490
41691,473,489
41692,455,486
41693,484,484
41694,468,482
41695,476,481
41696,482,481
41697,479,481
41698,449,478
41699,475,478
41700,469,477
41701,486,477
41702,493,478
41703,457,477
41704,471,475
41705,488,476
41706,458,475
41707,462,474
41708,461,473
41709,464,471
41710,465,471
41711,491,472
41712,463,471
41713,456,471
41714,448,470
41715,467,470
41716,472,470
41717,429,469
41718,478,468
41719,487,469
41720,453,468
41721,447,467
41722,431,465
41723,450,465
41724,434,463
41725,430,462
41726,472,461
41727,453,459
41728,503,461
41729,439,460
41730,420,457
41731,468,458
41732,440,457
41733,462,457
41734,455,457
41735,487,457
41736,439,455
41737,442,454
41738,434,454
41739,409,452
41740,444,451
41741,435,450
41742,462,451
41743,424,449
41744,427,446
41745,411,445
41746,443,445
41747,433,445
41748,455,445
41749,430,445
41750,407,444
41751,416,442
41752,430,441
41753,440,438
41754,436,438
41755,444,439
41756,396,436
41757,440,436
41758,397,433
41759,435,433
41760,554,435
41761,405,434
41762,386,432
41763,406,431
41764,399,430
41765,404,429
41766,394,427
41767,437,426
41768,431,426
41769,407,425
41770,400,425
41771,416,424
41772,406,423
41773,414,421
41774,401,420
41775,385,419
41776,402,419
41777,384,417
41778,416,416
41779,466,417
41780,409,416
41781,410,416
41782,367,413
41783,383,413
41784,396,411
41785,404,405
41786,414,405
41787,382,405
41788,392,405
41789,405,405
41790,392,405
41791,388,404
41792,436,404
41793,413,404
41794,394,403
41795,362,401
41796,386,400
41797,376,399
41798,395,398
41799,446,400
41800,372,400
41801,355,398
41802,362,397
41803,371,395
41804,362,391
41805,369,389
41806,377,388
41807,370,388
41808,350,387
41809,369,386
41810,351,384
41811,383,382
41812,363,382
41813,353,380
41814,364,378
41815,338,376
41816,367,375
41817,336,371
41818,386,370
41819,351,369
41820,338,368
41821,327,365
41822,347,364
41823,341,362
41824,366,359
41825,355,358
41826,350,358
41827,346,357
41828,361,357
41829,376,357
41830,335,356
41831,353,355
41832,338,354
41833,341,353
41834,322,352
41835,336,351
41836,332,349
41837,344,348
41838,363,349
41839,328,347
41840,337,347
41841,337,346
41842,327,345
41843,344,344
41844,325,343
41845,316,342
41846,330,342
41847,332,341
41848,338,341
41849,308,339
41850,309,337
41851,326,336
41852,307,335
41853,308,332
41854,313,330
41855,318,329
41856,324,328
41857,312,327
41858,299,325
41859,296,324
41860,322,324
41861,313,323
41862,304,321
41863,297,319
41864,311,318
41865,313,317
41866,284,315
41867,302,314
41868,317,313
41869,295,312
41870,292,311
41871,302,310
41872,277,307
41873,298,306
41874,277,305
41875,280,303
41876,308,303
41877,283,302
41878,269,300
41879,262,298
41880,285,297
41881,264,294
41882,280,293
41883,284,293
41884,309,293
41885,242,290
41886,296,289
41887,281,288
41888,274,287
41889,295,287
41890,287,286
41891,292,286
41892,320,287
41893,267,285
41894,235,282
41895,262,281
41896,265,280
41897,248,279
41898,266,277
41899,269,277
41900,278,277
41901,266,275
41902,282,275
41903,264,275
41904,275,275
41905,272,275
41906,260,275
41907,262,274
41908,279,274
41909,247,271
41910,232,271
41911,251,269
41912,251,268
41913,267,268
41914,231,265
41915,235,263
41916,264,262
41917,230,258
41918,234,257
41919,307,260
41920,243,259
41921,241,258
41922,228,257
41923,230,256
41924,246,255
41925,257,254
41926,267,254
41927,260,253
41928,232,252
41929,230,250
41930,244,249
41931,260,249
41932,239,248
41933,251,247
41934,238,247
41935,264,248
41936,245,248
41937,283,249
41938,291,250
41939,260,251
41940,268,252
41941,290,254
41942,250,254
41943,273,256
41944,264,254
41945,269,255
41946,275,257
41947,260,258
41948,271,259
41949,273,261
41950,313,263
41951,283,263
41952,273,264
41953,287,266
41954,291,269
41955,277,270
41956,297,271
41957,296,274
41958,301,276
41959,262,277
41960,280,277
41961,286,279
41962,296,279
41963,276,279
41964,280,280
41965,297,281
41966,281,280
41967,310,283
41968,298,284
41969,304,285
41970,359,289
41971,294,290
41972,306,292
41973,294,293
41974,287,293
41975,283,292
41976,318,293
41977,280,294
41978,290,294
41979,281,293
41980,329,295
41981,312,296
41982,305,296
41983,299,296
41984,297,298
41985,353,301
41986,329,302
41987,338,304
41988,305,305
41989,328,307
41990,315,308
41991,313,309
41992,320,309
41993,327,311
41994,304,311
41995,308,309
41996,307,309
41997,306,309
41998,337,311
41999,315,312
42000,344,314
42001,303,314
42002,310,315
42003,303,316
42004,301,316
42005,359,318
42006,340,319
42007,349,320
42008,330,322
42009,313,322
42010,316,321
42011,337,321
42012,336,321
42013,358,323
42014,329,323
42015,333,324
42016,343,325
42017,329,325
42018,321,325
42019,392,329
42020,323,329
42021,348,331
42022,331,332
42023,360,333
42024,363,335
42025,357,335
42026,344,337
42027,367,339
42028,346,341
42029,352,343
42030,374,344
42031,380,345
42032,347,345
42033,352,346
42034,357,348
42035,342,349
42036,385,351
42037,375,352
42038,363,353
42039,346,353
42040,381,355
42041,366,356
42042,349,357
42043,362,358
42044,380,358
42045,369,360
42046,357,360
42047,377,362
42048,398,364
42049,351,363
42050,361,363
42051,376,365
42052,383,365
42053,370,366
42054,392,368
42055,371,368
42056,385,368
42057,386,369
42058,433,373
42059,386,374
42060,410,376
42061,446,379
42062,366,379
42063,379,379
42064,390,381
42065,397,382
42066,404,383
42067,415,386
42068,415,388
42069,402,389
42070,398,390
42071,408,392
42072,427,394
42073,386,393
42074,411,396
42075,434,399
42076,422,401
42077,416,402
42078,418,404
42079,415,405
42080,423,407
42081,401,408
42082,405,408
42083,420,408
42084,449,410
42085,427,411
42086,459,411
42087,418,414
42088,489,418
42089,452,420
42090,423,421
42091,434,423
42092,431,423
42093,442,424
42094,424,425
42095,469,428
42096,432,429
42097,433,429
42098,451,432
42099,496,435
42100,441,436
42101,455,437
42102,476,439
42103,438,440
42104,438,441
42105,483,443
42106,434,445
42107,450,447
42108,441,447
42109,464,448
42110,442,449
42111,488,450
42112,507,453
42113,462,452
42114,502,454
42115,537,459
42116,489,461
42117,478,463
42118,460,464
42119,496,466
42120,480,467
42121,467,468
42122,469,470
42123,482,471
42124,506,471
42125,462,472
42126,479,473
42127,489,474
42128,510,477
42129,518,480
42130,480,480
42131,477,481
42132,496,483
42133,512,486
42134,494,487
42135,503,490
42136,506,490
42137,482,489
42138,504,491
42139,510,491
42140,527,491
42141,504,492
42142,492,492
42143,504,494
42144,502,494
42145,494,495
42146,495,496
42147,575,500
42148,512,501
42149,497,501
42150,522,503
42151,518,505
42152,496,505
42153,518,506
42154,518,506
42155,537,508
42156,529,510
42157,536,511
42158,527,512
42159,544,514
42160,519,515
42161,549,516
42162,511,518
42163,554,520
42164,530,520
42165,511,520
42166,518,520
42167,549,523
42168,549,524
42169,521,525
42170,514,526
42171,498,526
42172,548,525
42173,517,525
42174,551,527
42175,530,528
42176,525,528
42177,514,529
42178,521,529
42179,576,531
42180,535,531
42181,510,530
42182,520,530
42183,499,529
42184,519,528
42185,523,528
42186,515,526
42187,502,526
42188,514,524
42189,490,523
42190,487,522
42191,492,521
42192,498,519
42193,516,517
42194,523,517
42195,513,517
42196,489,517
42197,474,514
42198,479,513
42199,481,510
42200,503,509
42201,484,507
42202,503,507
42203,468,505
42204,501,502
42205,488,500
42206,497,499
42207,516,499
42208,497,499
42209,489,498
42210,483,496
42211,484,495
42212,474,494
42213,546,495
42214,473,494
42215,468,494
42216,467,493
42217,477,492
42218,463,490
42219,465,487
42220,478,486
42221,495,486
42222,467,486
42223,501,487
42224,472,486
42225,475,485
42226,491,486
42227,449,483
42228,486,484
42229,451,482
42230,471,481
42231,534,483
42232,472,481
42233,439,479
42234,471,478
42235,471,478
42236,482,478
42237,470,477
42238,456,474
42239,454,473
42240,427,471
42241,443,470
42242,478,470
42243,447,470
42244,459,470
42245,456,469
42246,476,468
42247,453,467
42248,480,467
42249,474,467
42250,444,465
42251,428,463
42252,457,463
42253,453,462
42254,467,462
42255,445,461
42256,437,458
42257,422,456
42258,434,455
42259,563,459
42260,452,458
42261,440,457
42262,444,456
42263,428,454
42264,436,454
42265,430,454
42266,434,453
42267,442,452
42268,421,451
42269,426,450
42270,411,448
42271,408,445
42272,437,445
42273,411,442
42274,413,439
42275,423,438
42276,441,439
42277,423,438
42278,413,436
42279,427,434
42280,435,434
42281,432,434
42282,437,434
42283,435,434
42284,419,429
42285,437,428
42286,419,427
42287,410,426
42288,420,426
42289,392,424
42290,435,424
42291,386,422
42292,432,422
42293,426,422
42294,397,421
42295,410,421
42296,410,421
42297,430,421
42298,401,420
42299,410,420
42300,405,419
42301,417,418
42302,424,418
42303,387,417
42304,382,416
42305,392,414
42306,380,412
42307,391,410
42308,401,409
42309,376,407
42310,390,405
42311,371,403
42312,414,403
42313,446,404
42314,382,404
42315,383,402
42316,370,401
42317,393,400
42318,364,397
42319,372,396
42320,368,394
42321,374,393
42322,399,392
42323,372,391
42324,382,389
42325,401,389
42326,354,387
42327,380,385
42328,355,384
42329,354,383
42330,353,381
42331,370,381
42332,359,379
42333,364,378
42334,358,377
42335,359,376
42336,350,375
42337,375,373
42338,358,370
42339,357,369
42340,344,367
42341,354,367
42342,352,365
42343,364,365
42344,348,364
42345,359,364
42346,329,362
42347,357,360
42348,320,358
42349,346,357
42350,355,355
42351,342,354
42352,351,353
42353,373,354
42354,341,354
42355,374,354
42356,349,354
42357,327,352
42358,343,351
42359,329,350
42360,363,350
42361,352,350
42362,320,348
42363,398,350
42364,361,350
42365,321,349
42366,336,348
42367,388,350
42368,328,348
42369,343,348
42370,318,347
42371,320,346
42372,316,345
42373,309,344
42374,344,344
42375,344,344
42376,313,342
42377,308,341
42378,325,339
42379,296,337
42380,311,334
42381,306,333
42382,309,332
42383,307,331
42384,323,330
42385,344,330
42386,305,328
42387,309,327
42388,314,324
42389,325,322
42390,316,322
42391,301,321
42392,299,317
42393,304,316
42394,287,314
42395,278,313
42396,278,311
42397,320,311
42398,292,310
42399,278,308
42400,283,305
42401,305,305
42402,294,304
42403,286,303
42404,307,303
42405,304,303
42406,271,302
42407,263,300
42408,268,298
42409,257,296
42410,294,294
42411,274,292
42412,252,290
42413,278,289
42414,272,286
42415,264,284
42416,281,284
42417,264,282
42418,261,280
42419,250,279
42420,266,278
42421,272,278
42422,252,276
42423,283,275
42424,270,275
42425,248,273
42426,265,272
42427,228,269
42428,245,268
42429,283,267
42430,237,264
42431,253,263
42432,260,263
42433,290,264
42434,231,263
42435,280,262
42436,238,261
42437,274,262
42438,242,260
42439,283,261
42440,243,260
42441,255,259
42442,248,258
42443,259,258
42444,254,258
42445,264,258
42446,266,258
42447,253,258
42448,248,257
42449,243,256
42450,261,256
42451,274,256
42452,268,258
42453,272,259
42454,269,259
42455,269,260
42456,249,260
42457,271,260
42458,301,261
42459,255,262
42460,287,262
42461,275,263
42462,260,263
42463,264,264
42464,332,266
42465,252,266
42466,262,266
42467,288,268
42468,289,269
42469,285,270
42470,308,272
42471,308,274
42472,354,278
42473,289,279
42474,307,282
42475,299,283
42476,306,285
42477,295,286
42478,359,289
42479,285,290
42480,323,292
42481,273,293
42482,315,295
42483,270,294
42484,281,295
42485,319,296
42486,276,296
42487,303,298
42488,294,299
42489,299,298
42490,301,300
42491,319,302
42492,287,302
42493,285,302
42494,306,302
42495,287,302
42496,288,301
42497,338,300
42498,370,303
42499,314,304
42500,302,304
42501,310,304
42502,303,304
42503,304,302
42504,299,303
42505,325,303
42506,313,304
42507,330,305
42508,328,307
42509,303,308
42510,316,308
42511,344,311
42512,327,312
42513,330,313
42514,305,313
42515,309,314
42516,315,314
42517,345,316
42518,353,319
42519,345,320
42520,339,322
42521,345,324
42522,318,324
42523,333,322
42524,332,323
42525,333,324
42526,360,326
42527,339,328
42528,358,330
42529,327,331
42530,336,331
42531,322,332
42532,331,332
42533,333,332
42534,328,333
42535,335,334
42536,373,335
42537,338,335
42538,377,337
42539,380,340
42540,340,341
42541,327,342
42542,357,342
42543,354,342
42544,342,342
42545,345,343
42546,385,344
42547,368,346
42548,358,347
42549,346,348
42550,343,348
42551,357,348
42552,346,348
42553,379,349
42554,347,350
42555,366,351
42556,371,353
42557,392,355
42558,368,357
42559,376,359
42560,382,361
42561,384,361
42562,369,362
42563,399,363
42564,383,363
42565,401,366
42566,362,367
42567,372,368
42568,381,369
42569,384,371
42570,362,371
42571,413,372
42572,391,373
42573,381,374
42574,380,376
42575,411,378
42576,395,380
42577,394,382
42578,385,382
42579,416,385
42580,390,386
42581,414,387
42582,373,387
42583,400,388
42584,414,389
42585,424,391
42586,389,391
42587,396,392
42588,429,394
42589,404,394
42590,461,397
42591,395,398
42592,392,399
42593,403,400
42594,431,402
42595,410,404
42596,442,405
42597,394,405
42598,416,406
42599,428,408
42600,422,409
42601,427,410
42602,431,411
42603,446,414
42604,437,415
42605,413,416
42606,440,417
42607,441,419
42608,442,421
42609,425,422
42610,432,422
42611,425,423
42612,438,425
42613,445,426
42614,441,427
42615,439,426
42616,451,428
42617,428,430
42618,442,431
42619,477,433
42620,473,436
42621,436,436
42622,443,438
42623,448,439
42624,479,441
42625,452,442
42626,483,444
42627,464,446
42628,490,447
42629,446,448
42630,461,450
42631,470,451
42632,470,452
42633,465,453
42634,503,456
42635,448,457
42636,474,459
42637,476,460
42638,507,463
42639,464,464
42640,483,465
42641,487,467
42642,491,469
42643,493,471
42644,483,472
42645,476,472
42646,504,474
42647,493,476
42648,471,477
42649,486,478
42650,495,479
42651,502,480
42652,494,481
42653,496,482
42654,477,483
42655,507,485
42656,509,486
42657,523,488
42658,489,489
42659,563,492
42660,505,494
42661,515,496
42662,515,497
42663,505,497
42664,505,499
42665,535,501
42666,540,503
42667,510,504
42668,533,505
42669,507,506
42670,512,508
42671,518,508
42672,490,508
42673,579,512
42674,515,514
42675,522,515
42676,507,515
42677,510,515
42678,505,516
42679,520,518
42680,519,518
42681,590,521
42682,530,522
42683,502,522
42684,497,519
42685,548,521
42686,527,522
42687,532,522
42688,529,523
42689,499,523
42690,536,523
42691,524,522
42692,526,523
42693,526,523
42694,534,524
42695,540,525
42696,522,525
42697,506,526
42698,508,523
42699,508,523
42700,515,522
42701,507,522
42702,496,522
42703,535,523
42704,515,523
42705,507,522
42706,507,519
42707,495,518
42708,498,517
42709,518,518
42710,478,516
42711,518,515
42712,515,514
42713,514,514
42714,502,514
42715,491,512
42716,496,511
42717,479,509
42718,486,508
42719,490,506
42720,491,504
42721,507,503
42722,475,502
42723,464,500
42724,488,499
42725,477,498
42726,486,497
42727,493,497
42728,490,495
42729,450,493
42730,493,492
42731,453,490
42732,465,489
42733,494,489
42734,464,486
42735,478,486
42736,460,484
42737,466,482
42738,468,480
42739,460,479
42740,468,478
42741,461,476
42742,458,475
42743,471,475
42744,450,473
42745,445,471
42746,467,470
42747,458,469
42748,476,470
42749,449,468
42750,478,468
42751,444,466
42752,488,466
42753,481,466
42754,479,467
42755,516,468
42756,436,467
42757,458,467
42758,436,465
42759,451,464
42760,440,463
42761,454,462
42762,441,461
42763,444,460
42764,441,460
42765,468,460
42766,460,460
42767,460,460
42768,446,459
42769,468,459
42770,467,460
42771,427,459
42772,435,458
42773,422,456
42774,438,455
42775,450,454
42776,431,453
42777,419,451
42778,437,449
42779,433,447
42780,461,445
42781,437,445
42782,422,444
42783,437,444
42784,429,443
42785,427,442
42786,458,442
42787,440,442
42788,412,441
42789,405,440
42790,428,438
42791,425,437
42792,432,435
42793,431,435
42794,473,435
42795,409,433
42796,403,432
42797,398,430
42798,408,430
42799,448,430
42800,427,429
42801,406,428
42802,417,428
42803,395,426
42804,431,426
42805,402,424
42806,385,422
42807,393,421
42808,391,419
42809,425,419
42810,424,419
42811,477,419
42812,390,417
42813,391,417
42814,419,417
42815,407,416
42816,388,415
42817,419,414
42818,449,415
42819,414,413
42820,464,415
42821,393,414
42822,376,414
42823,383,413
42824,392,410
42825,399,409
42826,386,408
42827,377,407
42828,389,407
42829,383,405
42830,404,405
42831,371,404
42832,365,403
42833,380,403
42834,381,401
42835,395,400
42836,376,396
42837,369,395
42838,381,394
42839,383,393
42840,378,392
42841,364,391
42842,387,390
42843,354,386
42844,367,384
42845,386,381
42846,370,380
42847,392,380
42848,363,380
42849,362,378
42850,366,377
42851,435,379
42852,359,378
42853,366,377
42854,348,376
42855,342,374
42856,342,372
42857,351,372
42858,364,371
42859,341,370
42860,357,368
42861,341,367
42862,383,367
42863,335,365
42864,362,365
42865,333,363
42866,357,363
42867,372,362
42868,336,361
42869,354,361
42870,344,359
42871,311,357
42872,351,355
42873,335,354
42874,332,353
42875,337,352
42876,306,346
42877,327,345
42878,311,343
42879,348,343
42880,342,343
42881,320,342
42882,332,341
42883,330,340
42884,308,339
42885,309,337
42886,344,337
42887,348,335
42888,325,335
42889,304,333
42890,326,332
42891,339,332
42892,332,330
42893,321,329
42894,345,329
42895,311,328
42896,325,328
42897,326,327
42898,289,325
42899,312,325
42900,299,323
42901,328,324
42902,363,325
42903,343,327
42904,315,325
42905,291,323
42906,295,322
42907,315,322
42908,313,321
42909,298,321
42910,357,323
42911,312,321
42912,290,319
42913,288,317
42914,279,316
42915,254,314
42916,262,311
42917,281,308
42918,282,307
42919,287,305
42920,266,303
42921,306,302
42922,278,300
42923,307,301
42924,285,300
42925,293,300
42926,291,298
42927,288,295
42928,257,292
42929,271,290
42930,287,290
42931,269,289
42932,260,286
42933,314,286
42934,251,285
42935,263,281
42936,277,279
42937,268,279
42938,288,279
42939,258,278
42940,258,278
42941,293,279
42942,257,278
42943,272,278
42944,251,276
42945,228,275
42946,256,273
42947,242,271
42948,229,268
42949,259,267
42950,239,265
42951,231,263
42952,250,261
42953,273,262
42954,248,261
42955,239,259
42956,255,258
42957,242,258
42958,251,255
42959,237,255
42960,227,253
42961,242,252
42962,242,251
42963,254,249
42964,258,249
42965,264,250
42966,241,247
42967,259,248
42968,265,247
42969,292,249
42970,294,252
42971,241,251
42972,273,252
42973,276,254
42974,268,254
42975,320,258
42976,242,258
42977,279,259
42978,285,260
42979,261,260
42980,284,262
42981,293,264
42982,268,265
42983,347,268
42984,345,273
42985,278,275
42986,286,277
42987,277,278
42988,302,280
42989,320,282
42990,313,284
42991,297,287
42992,314,289
42993,295,290
42994,299,290
42995,305,291
42996,307,293
42997,289,294
42998,290,295
42999,281,295
43000,344,296
43001,279,298
43002,309,299
43003,301,299
43004,302,301
43005,291,301
43006,282,301
43007,304,302
43008,278,300
43009,306,298
43010,294,299
43011,300,299
43012,328,301
43013,283,300
43014,330,301
43015,317,301
43016,310,302
43017,334,302
43018,300,303
43019,329,304
43020,308,304
43021,302,304
43022,312,305
43023,363,307
43024,316,309
43025,303,307
43026,323,309
43027,306,309
43028,335,310
43029,322,311
43030,302,311
43031,324,313
43032,305,313
43033,312,315
43034,310,315
43035,318,316
43036,343,317
43037,327,317
43038,341,320
43039,355,321
43040,338,322
43041,339,323
43042,326,322
43043,327,323
43044,392,326
43045,346,327
43046,320,328
43047,356,330
43048,343,329
43049,327,330
43050,338,331
43051,337,332
43052,331,333
43053,335,333
43054,360,334
43055,349,336
43056,330,336
43057,346,338
43058,352,339
43059,353,341
43060,418,345
43061,373,346
43062,373,348
43063,359,349
43064,383,350
43065,361,351
43066,365,352
43067,350,353
43068,365,354
43069,362,353
43070,417,356
43071,375,358
43072,372,359
43073,369,360
43074,354,361
43075,363,362
43076,380,364
43077,357,365
43078,422,368
43079,402,370
43080,376,371
43081,378,373
43082,377,374
43083,359,375
43084,378,376
43085,410,375
43086,389,376
43087,377,376
43088,376,377
43089,388,377
43090,375,377
43091,385,378
43092,413,381
43093,391,382
43094,408,384
43095,394,383
43096,376,383
43097,382,383
43098,392,384
43099,380,385
43100,392,386
43101,378,386
43102,464,390
43103,428,391
43104,410,391
43105,400,392
43106,431,394
43107,395,395
43108,422,397
43109,403,398
43110,417,399
43111,410,399
43112,408,401
43113,403,402
43114,421,403
43115,401,404
43116,400,405
43117,438,406
43118,490,410
43119,423,410
43120,448,412
43121,427,415
43122,417,416
43123,426,417
43124,428,419
43125,444,421
43126,413,423
43127,406,420
43128,423,420
43129,432,421
43130,448,423
43131,452,424
43132,443,426
43133,428,426
43134,439,427
43135,446,429
43136,438,430
43137,440,431
43138,475,434
43139,454,435
43140,447,437
43141,479,440
43142,448,441
43143,468,440
43144,466,441
43145,468,442
43146,485,445
43147,440,445
43148,470,447
43149,458,448
43150,475,450
43151,462,452
43152,464,454
43153,468,456
43154,482,458
43155,464,458
43156,482,460
43157,481,461
43158,470,463
43159,448,463
43160,507,466
43161,480,467
43162,507,470
43163,484,470
43164,462,471
43165,472,472
43166,481,472
43167,477,473
43168,531,475
43169,468,475
43170,564,479
43171,494,480
43172,494,482
43173,518,484
43174,565,488
43175,488,489
43176,509,490
43177,504,492
43178,492,493
43179,510,494
43180,519,496
43181,513,498
43182,499,498
43183,492,499
43184,492,501
43185,509,501
43186,503,502
43187,526,503
43188,504,503
43189,538,506
43190,515,508
43191,529,510
43192,534,512
43193,575,514
43194,527,517
43195,512,514
43196,515,515
43197,551,518
43198,542,519
43199,526,517
43200,519,518
43201,590,521
43202,524,522
43203,515,523
43204,537,524
43205,531,525
43206,519,525
43207,512,525
43208,519,527
43209,540,528
43210,501,528
43211,514,529
43212,510,528
43213,504,528
43214,529,528
43215,506,527
43216,509,526
43217,512,526
43218,525,524
43219,502,523
43220,506,522
43221,512,522
43222,485,520
43223,565,520
43224,508,520
43225,474,518
43226,503,514
43227,481,513
43228,482,511
43229,504,510
43230,482,508
43231,505,508
43232,479,506
43233,486,505
43234,462,502
43235,506,502
43236,502,502
43237,458,499
43238,481,499
43239,477,496
43240,455,494
43241,478,493
43242,515,493
43243,473,491
43244,484,491
43245,459,489
43246,463,487
43247,535,489
43248,482,485
43249,446,483
43250,478,483
43251,452,481
43252,467,480
43253,533,482
43254,482,482
43255,475,481
43256,456,479
43257,472,479
43258,494,479
43259,464,479
43260,463,478
43261,468,476
43262,468,477
43263,481,477
43264,469,476
43265,452,476
43266,455,475
43267,450,473
43268,453,472
43269,457,471
43270,476,472
43271,463,472
43272,466,469
43273,424,467
43274,444,466
43275,477,466
43276,442,466
43277,434,465
43278,445,461
43279,429,459
43280,444,458
43281,416,456
43282,437,455
43283,442,453
43284,474,453
43285,456,453
43286,450,452
43287,440,451
43288,428,449
43289,444,448
43290,421,447
43291,431,446
43292,421,445
43293,441,444
43294,433,443
43295,444,442
43296,448,441
43297,414,439
43298,430,439
43299,403,438
43300,421,436
43301,418,435
43302,432,434
43303,432,434
43304,420,434
43305,415,432
43306,413,432
43307,415,431
43308,438,431
43309,438,430
43310,409,428
43311,403,426
43312,396,424
43313,427,424
43314,415,423
43315,417,423
43316,412,422
43317,414,422
43318,408,421
43319,421,420
43320,420,419
43321,408,418
43322,414,418
43323,416,417
43324,383,416
43325,420,416
43326,384,415
43327,412,414
43328,419,413
43329,415,413
43330,386,412
43331,387,411
43332,390,410
43333,457,411
43334,418,410
43335,386,409
43336,398,409
43337,396,409
43338,394,408
43339,406,407
43340,371,405
43341,388,404
43342,384,403
43343,369,402
43344,401,401
43345,400,400
43346,410,400
43347,391,399
43348,426,400
43349,409,401
43350,364,398
43351,364,398
43352,390,397
43353,383,395
43354,383,394
43355,380,394
43356,391,394
43357,384,394
43358,356,390
43359,367,388
43360,384,388
43361,425,389
43362,376,388
43363,389,388
43364,344,385
43365,367,385
43366,340,383
43367,354,382
43368,367,382
43369,363,380
43370,422,381
43371,343,378
43372,410,379
43373,383,378
43374,405,377
43375,360,377
43376,334,376
43377,370,375
43378,374,375
43379,332,373
43380,363,372
43381,373,371
43382,324,369
43383,412,371
43384,382,372
43385,345,370
43386,393,369
43387,354,368
43388,362,367
43389,355,367
43390,348,367
43391,333,366
43392,357,367
43393,341,366
43394,323,364
43395,347,361
43396,319,360
43397,353,358
43398,314,355
43399,340,352
43400,298,350
43401,328,350
43402,332,348
43403,330,346
43404,311,345
43405,318,344
43406,299,341
43407,328,341
43408,310,337
43409,335,335
43410,289,333
43411,292,329
43412,379,330
43413,293,327
43414,329,326
43415,333,325
43416,284,323
43417,304,321
43418,300,320
43419,296,318
43420,303,317
43421,286,315
43422,294,313
43423,275,311
43424,354,312
43425,283,311
43426,315,311
43427,271,308
43428,300,307
43429,283,306
43430,267,304
43431,285,304
43432,262,301
43433,275,299
43434,265,297
43435,280,296
43436,274,296
43437,269,291
43438,258,290
43439,246,286
43440,264,284
43441,248,282
43442,249,280
43443,276,279
43444,254,277
43445,248,275
43446,263,274
43447,265,273
43448,272,273
43449,262,269
43450,236,267
43451,262,265
43452,249,264
43453,260,263
43454,283,263
43455,235,262
43456,234,260
43457,240,259
43458,262,258
43459,259,258
43460,255,257
43461,232,255
43462,238,254
43463,248,254
43464,255,254
43465,261,254
43466,238,253
43467,234,253
43468,243,252
43469,262,252
43470,271,253
43471,234,252
43472,247,251
43473,265,251
43474,242,250
43475,265,251
43476,238,250
43477,252,250
43478,258,250
43479,248,249
43480,244,249
43481,242,249
43482,283,251
43483,252,251
43484,268,251
43485,281,252
43486,274,254
43487,262,255
43488,286,256
43489,254,256
43490,262,256
43491,271,258
43492,253,258
43493,279,260
43494,272,260
43495,278,260
43496,284,262
43497,273,263
43498,293,265
43499,268,266
43500,316,268
43501,316,271
43502,287,272
43503,284,273
43504,300,275
43505,276,277
43506,290,278
43507,288,279
43508,344,282
43509,292,283
43510,313,285
43511,295,285
43512,298,287
43513,276,286
43514,311,289
43515,319,291
43516,294,292
43517,289,293
43518,273,293
43519,298,294
43520,272,294
43521,284,294
43522,287,295
43523,296,295
43524,309,296
43525,281,295
43526,282,294
43527,319,295
43528,304,296
43529,297,295
43530,301,296
43531,332,298
43532,328,300
43533,316,299
43534,298,299
43535,322,299
43536,314,300
43537,310,300
43538,323,302
43539,308,302
43540,293,301
43541,294,301
43542,324,303
43543,308,304
43544,326,305
43545,348,308
43546,319,310
43547,320,311
43548,340,313
43549,334,314
43550,344,316
43551,323,318
43552,338,319
43553,314,319
43554,333,320
43555,315,321
43556,333,321
43557,331,321
43558,336,322
43559,326,323
43560,337,324
43561,345,325
43562,360,327
43563,349,328
43564,328,329
43565,321,330
43566,316,331
43567,378,333
43568,339,334
43569,331,334
43570,327,333
43571,371,336
43572,330,336
43573,326,335
43574,337,336
43575,335,335
43576,361,337
43577,361,338
43578,354,339
43579,342,340
43580,358,341
43581,353,342
43582,365,343
43583,347,344
43584,366,345
43585,383,347
43586,360,348
43587,424,350
43588,348,350
43589,424,354
43590,351,355
43591,411,359
43592,389,360
43593,342,360
43594,375,362
43595,383,364
43596,353,363
43597,380,365
43598,389,368
43599,397,370
43600,368,371
43601,391,373
43602,366,373
43603,360,373
43604,377,374
43605,381,375
43606,377,376
43607,392,377
43608,385,379
43609,403,380
43610,391,381
43611,399,382
43612,415,382
43613,422,385
43614,400,384
43615,422,387
43616,393,386
43617,454,389
43618,388,390
43619,429,393
43620,400,393
43621,421,396
43622,398,397
43623,422,398
43624,410,399
43625,421,401
43626,432,402
43627,396,404
43628,395,405
43629,419,407
43630,412,408
43631,411,409
43632,413,410
43633,424,412
43634,447,413
43635,419,414
43636,447,416
43637,428,417
43638,440,418
43639,411,418
43640,435,419
43641,408,419
43642,439,419
43643,422,420
43644,476,422
43645,437,423
43646,447,424
43647,457,427
43648,433,427
43649,438,428
43650,439,429
43651,437,429
43652,432,431
43653,458,433
43654,442,434
43655,450,436
43656,471,438
43657,465,440
43658,478,442
43659,457,443
43660,466,445
43661,457,445
43662,449,446
43663,475,447
43664,455,449
43665,526,453
43666,459,455
43667,468,456
43668,459,457
43669,476,457
43670,536,461
43671,489,463
43672,499,465
43673,507,468
43674,470,469
43675,481,470
43676,470,472
43677,485,474
43678,494,475
43679,522,479
43680,503,481
43681,484,481
43682,493,482
43683,520,484
43684,478,485
43685,510,487
43686,493,488
43687,507,490
43688,496,491
43689,506,493
43690,505,492
43691,558,496
43692,504,498
43693,567,502
43694,504,503
43695,511,502
43696,527,504
43697,481,503
43698,503,503
43699,497,504
43700,490,504
43701,516,506
43702,525,508
43703,508,508
43704,514,508
43705,538,509
43706,508,510
43707,524,512
43708,550,513
43709,523,515
43710,509,515
43711,502,515
43712,513,515
43713,529,516
43714,524,517
43715,546,519
43716,513,517
43717,515,517
43718,547,517
43719,550,519
43720,523,519
43721,526,519
43722,520,521
43723,542,522
43724,547,524
43725,520,525
43726,514,525
43727,516,525
43728,502,525
43729,541,526
43730,581,527
43731,501,527
43732,515,527
43733,538,526
43734,498,525
43735,522,526
43736,492,525
43737,489,524
43738,502,523
43739,505,523
43740,550,523
43741,495,522
43742,482,521
43743,505,519
43744,516,518
43745,479,516
43746,506,515
43747,492,514
43748,492,512
43749,504,510
43750,492,509
43751,501,509
43752,476,507
43753,488,506
43754,487,504
43755,477,500
43756,471,499
43757,481,498
43758,480,495
43759,469,494
43760,481,492
43761,474,492
43762,476,491
43763,465,490
43764,505,490
43765,452,486
43766,469,485
43767,521,486
43768,489,486
43769,480,484
43770,494,485
43771,460,483
43772,478,482
43773,471,482
43774,462,480
43775,464,479
43776,460,477
43777,463,477
43778,491,477
43779,477,476
43780,525,478
43781,488,479
43782,521,481
43783,514,482
43784,475,482
43785,456,481
43786,528,483
43787,450,482
43788,464,482
43789,450,480
43790,463,481
43791,442,479
43792,457,477
43793,460,476
43794,454,475
43795,432,472
43796,441,471
43797,454,470
43798,454,470
43799,443,469
43800,471,469
43801,417,468
43802,455,467
43803,446,465
43804,432,464
43805,442,460
43806,438,458
43807,417,454
43808,436,451
43809,457,450
43810,436,450
43811,462,447
43812,433,446
43813,439,445
43814,428,444
43815,424,443
43816,439,443
43817,422,441
43818,430,440
43819,449,440
43820,419,439
43821,486,441
43822,489,443
43823,429,442
43824,424,441
43825,412,438
43826,425,439
43827,424,438
43828,429,437
43829,402,436
43830,418,435
43831,433,434
43832,438,435
43833,419,435
43834,400,432
43835,437,432
43836,430,431
43837,414,430
43838,410,429
43839,395,428
43840,444,429
43841,402,427
43842,416,427
43843,405,426
43844,405,424
43845,394,423
43846,409,420
43847,396,416
43848,397,415
43849,392,414
43850,381,413
43851,371,410
43852,397,409
43853,414,409
43854,414,409
43855,372,407
43856,404,406
43857,403,405
43858,379,403
43859,408,404
43860,454,404
43861,374,402
43862,390,401
43863,389,400
43864,397,400
43865,392,398
43866,405,398
43867,404,398
43868,378,397
43869,388,396
43870,362,395
43871,379,394
43872,386,393
43873,351,391
43874,369,390
43875,388,391
43876,390,391
43877,341,389
43878,362,387
43879,385,386
43880,344,385
43881,359,383
43882,363,381
43883,369,381
43884,348,379
43885,337,374
43886,350,373
43887,351,371
43888,334,369
43889,366,368
43890,344,366
43891,364,364
43892,340,362
43893,322,360
43894,362,359
43895,340,358
43896,362,357
43897,373,357
43898,337,356
43899,369,356
43900,346,354
43901,337,352
43902,351,353
43903,338,352
43904,343,350
43905,331,349
43906,319,348
43907,328,346
43908,326,345
43909,347,345
43910,378,346
43911,326,345
43912,344,345
43913,331,345
43914,339,344
43915,358,344
43916,345,344
43917,348,344
43918,357,345
43919,330,344
43920,317,343
43921,318,341
43922,339,340
43923,336,340
43924,319,338
43925,309,337
43926,310,335
43927,313,334
43928,311,333
43929,312,332
43930,317,331
43931,294,330
43932,309,329
43933,319,329
43934,309,328
43935,311,325
43936,302,324
43937,288,322
43938,286,320
43939,302,318
43940,290,316
43941,290,313
43942,317,312
43943,282,309
43944,291,308
43945,280,306
43946,304,306
43947,287,304
43948,296,302
43949,271,300
43950,341,301
43951,270,300
43952,338,301
43953,310,301
43954,332,301
43955,281,300
43956,274,299
43957,277,298
43958,294,297
43959,299,297
43960,303,296
43961,273,295
43962,259,294
43963,264,293
43964,261,291
43965,263,290
43966,248,289
43967,256,286
43968,261,285
43969,262,284
43970,269,284
43971,284,283
43972,286,283
43973,251,281
43974,258,281
43975,236,276
43976,257,276
43977,270,273
43978,252,271
43979,251,268
43980,313,269
43981,257,268
43982,241,267
43983,244,265
43984,254,263
43985,274,262
43986,247,261
43987,244,260
43988,248,259
43989,250,259
43990,236,258
43991,272,259
43992,238,258
43993,231,257
43994,222,255
43995,244,254
43996,258,253
43997,241,252
43998,260,252
43999,245,251
44000,245,252
44001,274,252
44002,274,253
44003,252,253
44004,332,256
44005,271,254
44006,297,256
44007,292,258
44008,307,260
44009,258,260
44010,270,260
44011,308,263
44012,270,264
44013,293,266
44014,306,268
44015,342,272
44016,278,272
44017,304,275
44018,318,278
44019,306,282
44020,275,283
44021,282,284
44022,303,286
44023,309,288
44024,281,290
44025,279,291
44026,294,292
44027,278,292
44028,272,293
44029,305,292
44030,295,293
44031,293,293
44032,289,293
44033,277,291
44034,326,294
44035,329,296
44036,301,296
44037,292,297
44038,290,297
44039,295,297
44040,324,296
44041,278,296
44042,301,296
44043,309,295
44044,286,295
44045,330,297
44046,322,298
44047,295,298
44048,309,298
44049,325,300
44050,365,303
44051,292,303
44052,294,304
44053,339,306
44054,304,306
44055,312,307
44056,339,309
44057,336,311
44058,315,312
44059,290,311
44060,298,310
44061,330,311
44062,311,312
44063,298,312
44064,316,313
44065,317,312
44066,321,314
44067,333,315
44068,361,318
44069,356,320
44070,328,320
44071,322,320
44072,326,321
44073,319,322
44074,335,322
44075,334,321
44076,337,323
44077,322,324
44078,337,324
44079,335,325
44080,348,327
44081,346,327
44082,370,328
44083,328,329
44084,340,331
44085,341,332
44086,338,333
44087,330,334
44088,332,335
44089,334,336
44090,348,337
44091,332,337
44092,368,339
44093,347,338
44094,367,339
44095,357,340
44096,355,341
44097,339,342
44098,373,344
44099,373,345
44100,394,348
44101,354,348
44102,343,349
44103,363,350
44104,367,351
44105,375,353
44106,356,353
44107,392,354
44108,378,356
44109,367,357
44110,360,358
44111,406,360
44112,378,362
44113,407,365
44114,422,369
44115,363,369
44116,432,373
44117,355,373
44118,360,373
44119,442,376
44120,447,380
44121,387,381
44122,381,383
44123,407,384
44124,371,384
44125,382,384
44126,386,385
44127,371,386
44128,369,386
44129,456,390
44130,420,392
44131,372,392
44132,403,393
44133,382,393
44134,404,395
44135,396,396
44136,422,397
44137,414,398
44138,424,399
44139,415,398
44140,392,400
44141,408,399
44142,407,401
44143,408,403
44144,408,401
44145,384,399
44146,420,400
44147,430,402
44148,471,405
44149,403,406
44150,476,410
44151,433,412
44152,427,414
44153,446,417
44154,428,416
44155,424,416
44156,439,419
44157,463,421
44158,455,424
44159,438,425
44160,495,429
44161,458,431
44162,447,432
44163,441,433
44164,430,433
44165,454,436
44166,459,438
44167,447,439
44168,519,444
44169,440,445
44170,429,447
44171,430,447
44172,465,449
44173,450,448
44174,460,450
44175,457,449
44176,481,451
44177,517,455
44178,449,455
44179,449,456
44180,486,458
44181,483,460
44182,465,460
44183,537,463
44184,458,464
44185,480,464
44186,488,465
44187,472,466
44188,474,467
44189,491,470
44190,458,470
44191,476,470
44192,459,471
44193,482,469
44194,464,470
44195,490,473
44196,488,475
44197,495,476
44198,480,478
44199,493,479
44200,503,481
44201,495,481
44202,486,480
44203,504,482
44204,479,483
44205,489,484
44206,464,483
44207,479,483
44208,484,481
44209,481,482
44210,486,482
44211,500,483
44212,511,484
44213,495,485
44214,508,486
44215,488,487
44216,503,488
44217,486,489
44218,504,490
44219,529,493
44220,517,494
44221,503,494
44222,485,494
44223,512,495
44224,501,496
44225,510,496
44226,504,496
44227,557,499
44228,532,500
44229,518,502
44230,526,503
44231,534,506
44232,514,508
44233,513,509
44234,537,511
44235,515,512
44236,506,512
44237,514,512
44238,517,513
44239,513,514
44240,539,516
44241,531,517
44242,490,517
44243,496,517
44244,495,515
44245,518,515
44246,510,515
44247,519,517
44248,501,516
44249,511,517
44250,517,517
44251,507,517
44252,490,515
44253,508,514
44254,506,513
44255,506,512
44256,494,511
44257,468,509
44258,495,508
44259,487,506
44260,509,506
44261,550,508
44262,514,508
44263,483,506
44264,470,505
44265,486,502
44266,506,501
44267,497,502
44268,472,501
44269,471,500
44270,500,499
44271,499,499
44272,474,497
44273,493,497
44274,489,496
44275,456,493
44276,467,492
44277,488,492
44278,451,489
44279,478,488
44280,519,489
44281,483,488
44282,483,489
44283,458,487
44284,479,487
44285,472,486
44286,437,481
44287,467,479
44288,445,478
44289,491,478
44290,484,478
44291,452,476
44292,456,475
44293,446,474
44294,447,473
44295,451,471
44296,478,470
44297,455,469
44298,490,469
44299,437,467
44300,474,468
44301,466,467
44302,519,469
44303,448,469
44304,447,467
44305,446,464
44306,445,463
44307,464,462
44308,446,462
44309,432,460
44310,435,458
44311,419,458
44312,439,456
44313,430,456
44314,427,453
44315,446,452
44316,437,451
44317,451,451
44318,451,451
44319,444,451
44320,436,450
44321,453,449
44322,436,449
44323,436,447
44324,419,446
44325,442,445
44326,424,443
44327,441,440
44328,440,439
44329,429,439
44330,428,438
44331,413,437
44332,439,436
44333,426,435
44334,403,434
44335,414,433
44336,402,432
44337,412,431
44338,427,431
44339,419,431
44340,422,430
44341,436,430
44342,422,429
44343,438,428
44344,413,427
44345,443,427
44346,426,426
44347,402,425
44348,396,423
44349,396,422
44350,405,421
44351,383,419
44352,379,417
44353,431,416
44354,396,415
44355,388,413
44356,412,413
44357,394,411
44358,391,410
44359,391,410
44360,397,409
44361,372,408
44362,405,407
44363,380,405
44364,403,405
44365,409,404
44366,394,403
44367,381,401
44368,384,399
44369,385,398
44370,387,395
44371,396,394
44372,402,394
44373,381,394
44374,440,395
44375,405,395
44376,388,396
44377,389,396
44378,374,394
44379,375,393
44380,376,392
44381,376,391
44382,381,390
44383,360,389
44384,356,388
44385,370,387
44386,382,387
44387,372,386
44388,379,386
44389,371,385
44390,359,383
44391,352,381
44392,432,383
44393,365,382
44394,383,382
44395,335,380
44396,371,379
44397,376,378
44398,364,377
44399,380,375
44400,351,373
44401,348,371
44402,379,371
44403,352,370
44404,377,370
44405,334,368
44406,382,368
44407,365,368
44408,346,367
44409,335,366
44410,369,366
44411,353,365
44412,354,364
44413,335,363
44414,338,361
44415,338,361
44416,328,360
44417,349,356
44418,367,356
44419,341,355
44420,360,356
44421,337,354
44422,323,352
44423,324,351
44424,338,349
44425,351,349
44426,330,348
44427,327,346
44428,324,345
44429,320,343
44430,348,343
44431,334,341
44432,329,340
44433,331,339
44434,388,341
44435,303,339
44436,319,337
44437,319,336
44438,311,335
44439,329,335
44440,283,333
44441,324,332
44442,320,331
44443,304,329
44444,296,327
44445,293,324
44446,306,323
44447,305,322
44448,323,322
44449,286,320
44450,320,319
44451,295,317
44452,296,316
44453,289,315
44454,298,314
44455,306,312
44456,310,311
44457,291,310
44458,286,308
44459,275,303
44460,297,303
44461,261,301
44462,295,300
44463,301,300
44464,287,298
44465,299,299
44466,280,297
44467,268,295
44468,278,294
44469,275,293
44470,284,292
44471,271,291
44472,258,289
44473,270,287
44474,282,287
44475,249,284
44476,266,283
44477,270,282
44478,266,281
44479,273,280
44480,257,278
44481,254,276
44482,245,274
44483,270,273
44484,252,272
44485,275,271
44486,256,271
44487,244,269
44488,234,267
44489,252,265
44490,252,263
44491,278,263
44492,278,264
44493,269,263
44494,266,263
44495,262,262
44496,237,261
44497,249,260
44498,274,260
44499,311,262
44500,226,261
44501,314,263
44502,265,262
44503,284,263
44504,253,262
44505,233,261
44506,253,261
44507,276,263
44508,262,262
44509,275,263
44510,241,262
44511,231,261
44512,236,260
44513,235,260
44514,263,261
44515,262,261
44516,245,260
44517,241,259
44518,258,258
44519,257,258
44520,249,257
44521,251,258
44522,274,259
44523,267,258
44524,250,256
44525,291,259
44526,279,257
44527,299,259
44528,275,258
44529,294,260
44530,285,262
44531,272,263
44532,265,262
44533,264,262
44534,302,263
44535,308,266
44536,339,270
44537,283,272
44538,315,276
44539,276,276
44540,299,278
44541,351,282
44542,289,284
44543,262,284
44544,286,285
44545,300,287
44546,312,289
44547,303,291
44548,277,291
44549,273,292
44550,301,292
44551,306,293
44552,317,294
44553,268,294
44554,296,294
44555,283,294
44556,299,295
44557,305,297
44558,343,300
44559,303,300
44560,292,299
44561,299,298
44562,288,298
44563,280,296
44564,298,297
44565,325,298
44566,334,298
44567,290,298
44568,325,300
44569,310,301
44570,311,302
44571,292,301
44572,334,302
44573,318,304
44574,339,306
44575,314,307
44576,319,307
44577,327,308
44578,304,309
44579,318,310
44580,329,312
44581,323,313
44582,383,316
44583,302,314
44584,340,316
44585,331,317
44586,346,319
44587,350,322
44588,316,323
44589,335,325
44590,334,325
44591,308,324
44592,317,325
44593,386,327
44594,357,329
44595,318,330
44596,344,332
44597,343,332
44598,334,333
44599,340,333
44600,341,334
44601,341,335
44602,351,336
44603,339,337
44604,342,338
44605,330,338
44606,332,338
44607,377,338
44608,347,340
44609,354,341
44610,336,341
44611,351,341
44612,347,341
44613,332,341
44614,348,342
44615,348,343
44616,351,344
44617,341,345
44618,333,343
44619,351,343
44620,358,344
44621,361,345
44622,388,347
44623,358,348
44624,380,349
44625,383,351
44626,360,352
44627,337,351
44628,384,353
44629,367,354
44630,371,356
44631,360,357
44632,400,358
44633,381,359
44634,380,360
44635,374,362
44636,373,363
44637,366,363
44638,375,365
44639,436,369
44640,374,370
44641,378,371
44642,391,373
44643,397,375
44644,403,377
44645,385,378
44646,412,381
44647,407,381
44648,458,385
44649,417,387
44650,392,387
44651,397,389
44652,391,391
44653,386,391
44654,387,392
44655,418,394
44656,426,396
44657,425,397
44658,395,398
44659,402,399
44660,401,400
44661,395,401
44662,412,402
44663,420,404
44664,405,403
44665,417,405
44666,444,407
44667,417,408
44668,447,410
44669,413,411
44670,406,412
44671,423,412
44672,488,415
44673,411,413
44674,446,415
44675,486,418
44676,443,420
44677,438,422
44678,438,424
44679,429,426
44680,435,426
44681,439,427
44682,465,429
44683,468,432
44684,448,433
44685,446,435
44686,462,438
44687,423,438
44688,424,438
44689,477,441
44690,455,443
44691,515,446
44692,451,447
44693,496,449
44694,454,451
44695,463,453
44696,488,456
44697,461,454
44698,484,457
44699,470,458
44700,444,457
44701,454,457
44702,468,458
44703,495,461
44704,471,462
44705,498,465
44706,448,465
44707,502,467
44708,493,468
44709,548,472
44710,483,473
44711,515,475
44712,480,477
44713,473,479
44714,485,480
44715,509,482
44716,487,481
44717,474,482
44718,517,483
44719,518,485
44720,504,487
44721,486,487
44722,518,489
44723,505,490
44724,500,491
44725,515,494
44726,496,496
44727,503,497
44728,525,498
44729,502,499
44730,508,500
44731,478,501
44732,539,502
44733,533,504
44734,496,502
44735,560,505
44736,505,505
44737,517,506
44738,521,508
44739,512,509
44740,520,510
44741,497,510
44742,510,511
44743,532,512
44744,577,514
44745,537,516
44746,523,517
44747,527,518
44748,516,518
44749,495,518
44750,516,518
44751,510,518
44752,517,519
44753,519,519
44754,513,519
44755,526,520
44756,510,521
44757,527,521
44758,529,520
44759,498,521
44760,550,520
44761,505,520
44762,497,519
44763,519,519
44764,519,520
44765,497,519
44766,514,519
44767,524,520
44768,557,521
44769,531,519
44770,512,518
44771,491,517
44772,485,515
44773,500,514
44774,506,515
44775,479,513
44776,500,513
44777,477,511
44778,513,511
44779,501,511
44780,502,510
44781,482,509
44782,510,508
44783,501,507
44784,471,506
44785,470,503
44786,475,501
44787,494,501
44788,478,500
44789,476,498
44790,481,497
44791,470,495
44792,478,494
44793,457,490
44794,467,487
44795,490,486
44796,455,485
44797,473,484
44798,498,484
44799,480,483
44800,480,483
44801,469,482
44802,491,482
44803,495,482
44804,493,481
44805,458,480
44806,467,479
44807,469,477
44808,459,476
44809,454,475
44810,445,474
44811,453,473
44812,457,472
44813,472,471
44814,461,471
44815,453,470
44816,463,469
44817,508,471
44818,476,471
44819,512,473
44820,442,471
44821,442,471
44822,465,470
44823,432,468
44824,467,467
44825,456,466
44826,457,466
44827,427,463
44828,427,461
44829,471,460
44830,423,458
44831,447,458
44832,432,456
44833,434,455
44834,444,455
44835,445,455
44836,438,454
44837,426,453
44838,426,451
44839,420,449
44840,454,449
44841,455,449
44842,442,446
44843,418,444
44844,436,441
44845,421,440
44846,435,440
44847,408,438
44848,434,438
44849,426,436
44850,423,435
44851,447,434
44852,408,434
44853,437,434
44854,444,433
44855,441,434
44856,445,434
44857,428,433
44858,421,433
44859,418,432
44860,444,432
44861,420,431
44862,397,430
44863,397,429
44864,418,429
44865,390,426
44866,416,425
44867,413,423
44868,475,426
44869,396,424
44870,411,424
44871,386,422
44872,409,422
44873,407,421
44874,383,419
44875,388,418
44876,382,415
44877,396,414
44878,381,412
44879,396,410
44880,402,409
44881,380,406
44882,390,405
44883,401,404
44884,414,404
44885,397,402
44886,368,400
44887,382,399
44888,411,400
44889,415,400
44890,378,399
44891,390,398
44892,388,397
44893,409,394
44894,360,393
44895,370,391
44896,375,391
44897,362,389
44898,422,390
44899,366,389
44900,399,389
44901,385,389
44902,394,389
44903,368,389
44904,379,388
44905,356,386
44906,370,386
44907,371,385
44908,368,384
44909,368,382
44910,369,381
44911,358,381
44912,348,379
44913,366,377
44914,357,375
44915,364,374
44916,345,373
44917,345,371
44918,363,369
44919,364,369
44920,387,370
44921,346,369
44922,345,368
44923,337,365
44924,336,364
44925,345,361
44926,385,361
44927,361,360
44928,343,359
44929,327,357
44930,347,357
44931,348,356
44932,334,354
44933,323,352
44934,350,352
44935,349,351
44936,334,350
44937,331,349
44938,327,348
44939,337,347
44940,343,346
44941,339,346
44942,336,345
44943,338,344
44944,389,345
44945,308,342
44946,306,341
44947,356,341
44948,320,340
44949,334,340
44950,326,340
44951,345,338
44952,310,336
44953,341,336
44954,323,336
44955,316,335
44956,319,333
44957,309,332
44958,311,332
44959,345,332
44960,305,330
44961,303,329
44962,318,328
44963,320,328
44964,307,327
44965,337,326
44966,324,326
44967,325,325
44968,306,324
44969,295,320
44970,296,320
44971,300,320
44972,305,318
44973,292,316
44974,314,316
44975,321,315
44976,285,313
44977,264,311
44978,298,310
44979,283,308
44980,299,307
44981,298,306
44982,271,305
44983,309,305
44984,291,303
44985,268,301
44986,271,300
44987,310,300
44988,272,298
44989,334,299
44990,244,295
44991,301,294
44992,276,292
44993,265,290
44994,263,289
44995,262,288
44996,271,287
44997,247,284
44998,246,283
44999,252,280
45000,280,278
45001,270,278
45002,270,278
45003,327,279
45004,275,279
45005,262,277
45006,283,277
45007,258,276
45008,265,275
45009,272,274
45010,253,273
45011,247,272
45012,237,269
45013,250,268
45014,239,265
45015,235,264
45016,251,262
45017,243,261
45018,232,260
45019,254,259
45020,245,259
45021,262,258
45022,255,259
45023,252,259
45024,246,259
45025,241,257
45026,256,256
45027,281,257
45028,222,253
45029,273,253
45030,244,252
45031,269,251
45032,262,251
45033,266,251
45034,244,250
45035,277,251
45036,276,252
45037,258,253
45038,269,254
45039,246,254
45040,264,256
45041,265,256
45042,288,258
45043,259,259
45044,324,262
45045,268,263
45046,258,263
45047,293,264
45048,278,265
45049,275,266
45050,276,268
45051,283,269
45052,291,269
45053,310,273
45054,276,273
45055,271,274
45056,290,275
45057,309,277
45058,303,278
45059,298,280
45060,315,282
45061,308,283
45062,326,286
45063,271,286
45064,305,288
45065,308,290
45066,262,290
45067,280,289
45068,299,291
45069,280,289
45070,308,291
45071,309,293
45072,309,294
45073,276,294
45074,294,294
45075,294,295
45076,344,297
45077,337,299
45078,290,298
45079,276,298
45080,320,300
45081,293,301
45082,288,300
45083,307,300
45084,312,300
45085,296,300
45086,293,299
45087,297,298
45088,306,299
45089,347,301
45090,319,301
45091,317,304
45092,304,305
45093,303,305
45094,306,306
45095,331,307
45096,317,307
45097,319,307
45098,306,309
45099,306,309
45100,327,310
45101,313,309
45102,362,310
45103,362,313
45104,331,315
45105,338,316
45106,324,317
45107,332,319
45108,321,320
45109,317,320
45110,322,321
45111,340,323
45112,319,324
45113,333,325
45114,338,324
45115,328,325
45116,344,326
45117,349,328
45118,337,329
45119,325,330
45120,321,329
45121,354,331
45122,329,331
45123,337,332
45124,341,334
45125,360,335
45126,363,337
45127,340,336
45128,343,335
45129,349,336
45130,341,336
45131,346,337
45132,346,338
45133,359,339
45134,372,341
45135,335,342
45136,338,342
45137,369,344
45138,419,347
45139,341,347
45140,370,349
45141,361,350
45142,383,351
45143,352,352
45144,383,354
45145,384,357
45146,402,359
45147,360,360
45148,375,361
45149,415,364
45150,374,365
45151,382,366
45152,396,368
45153,403,370
45154,386,372
45155,380,373
45156,381,375
45157,381,376
45158,394,377
45159,419,379
45160,392,382
45161,397,384
45162,417,386
45163,383,384
45164,369,386
45165,426,388
45166,385,389
45167,378,389
45168,389,390
45169,398,391
45170,424,392
45171,392,392
45172,405,394
45173,407,395
45174,392,394
45175,382,394
45176,440,397
45177,398,397
45178,420,397
45179,419,399
45180,419,400
45181,446,403
45182,403,404
45183,419,405
45184,388,404
45185,406,404
45186,429,405
45187,448,407
45188,420,408
45189,487,413
45190,446,414
45191,436,416
45192,443,418
45193,436,420
45194,425,421
45195,409,421
45196,455,423
45197,435,424
45198,433,425
45199,435,427
45200,453,430
45201,432,430
45202,452,432
45203,440,433
45204,444,434
45205,515,437
45206,448,437
45207,462,440
45208,455,441
45209,464,444
45210,472,447
45211,464,448
45212,469,449
45213,443,450
45214,462,449
45215,444,449
45216,436,449
45217,469,450
45218,474,452
45219,474,454
45220,465,456
45221,491,457
45222,481,459
45223,456,460
45224,474,462
45225,499,463
45226,483,465
45227,478,466
45228,554,471
45229,478,472
45230,488,471
45231,491,473
45232,479,474
45233,488,475
45234,501,477
45235,510,478
45236,501,480
45237,495,481
45238,483,482
45239,484,483
45240,515,486
45241,507,489
45242,487,489
45243,513,491
45244,508,492
45245,491,493
45246,497,494
45247,529,496
45248,528,498
45249,516,500
45250,625,505
45251,533,507
45252,526,509
45253,501,507
45254,497,508
45255,501,508
45256,499,509
45257,512,510
45258,519,511
45259,541,513
45260,540,514
45261,517,515
45262,508,515
45263,520,517
45264,507,517
45265,522,518
45266,493,517
45267,515,518
45268,531,519
45269,534,520
45270,522,521
45271,509,522
45272,532,522
45273,574,524
45274,515,524
45275,513,519
45276,523,519
45277,505,518
45278,512,518
45279,506,519
45280,523,520
45281,504,520
45282,529,521
45283,534,521
45284,510,520
45285,537,520
45286,502,519
45287,521,520
45288,480,518
45289,511,518
45290,495,517
45291,500,517
45292,524,518
45293,523,518
45294,496,516
45295,486,515
45296,482,513
45297,500,512
45298,497,509
45299,488,508
45300,491,507
45301,475,505
45302,510,505
45303,472,504
45304,487,503
45305,479,501
45306,467,500
45307,457,497
45308,484,495
45309,473,493
45310,497,492
45311,505,492
45312,471,490
45313,453,489
45314,478,488
45315,457,486
45316,487,486
45317,464,483
45318,477,481
45319,466,480
45320,477,480
45321,496,480
45322,469,479
45323,462,478
45324,466,477
45325,479,476
45326,468,476
45327,472,475
45328,493,475
45329,481,475
45330,464,475
45331,470,475
45332,459,475
45333,454,474
45334,478,474
45335,488,473
45336,492,473
45337,504,474
45338,465,475
45339,449,473
45340,465,474
45341,450,472
45342,452,472
45343,447,471
45344,455,470
45345,451,469
45346,442,467
45347,434,466
45348,467,466
45349,467,466
45350,429,464
45351,460,464
45352,432,462
45353,490,462
45354,463,461
45355,461,461
45356,442,460
45357,427,459
45358,457,459
45359,424,457
45360,429,454
45361,470,453
45362,498,453
45363,422,451
45364,446,451
45365,444,450
45366,435,450
45367,452,450
45368,448,450
45369,433,449
45370,421,448
45371,424,447
45372,411,446
45373,396,443
45374,430,442
45375,473,444
45376,492,445
45377,408,444
45378,421,441
45379,411,439
45380,437,438
45381,406,437
45382,418,436
45383,411,434
45384,418,434
45385,442,435
45386,408,432
45387,422,429
45388,413,429
45389,404,427
45390,422,426
45391,403,425
45392,401,423
45393,401,421
45394,459,422
45395,377,420
45396,376,418
45397,423,419
45398,384,418
45399,396,417
45400,392,414
45401,365,409
45402,413,409
45403,382,407
45404,409,407
45405,409,406
45406,396,406
45407,401,405
45408,384,404
45409,381,403
45410,400,401
45411,375,400
45412,388,398
45413,450,400
45414,372,398
45415,404,398
45416,400,398
45417,401,398
45418,358,396
45419,381,393
45420,382,393
45421,377,393
45422,382,391
45423,365,391
45424,371,390
45425,390,389
45426,389,390
45427,369,389
45428,379,389
45429,361,387
45430,374,385
45431,352,383
45432,364,382
45433,367,381
45434,381,381
45435,364,380
45436,340,378
45437,354,377
45438,352,373
45439,361,373
45440,342,370
45441,336,368
45442,374,367
45443,351,366
45444,377,366
45445,345,365
45446,363,364
45447,353,363
45448,350,362
45449,367,362
45450,329,360
45451,326,357
45452,370,357
45453,372,357
45454,344,356
45455,335,355
45456,340,354
45457,358,354
45458,324,352
45459,348,351
45460,330,350
45461,399,352
45462,334,351
45463,326,350
45464,319,348
45465,347,349
45466,372,350
45467,342,349
45468,318,348
45469,325,345
45470,332,345
45471,315,343
45472,351,343
45473,320,342
45474,382,342
45475,298,341
45476,322,341
45477,322,339
45478,329,337
45479,320,336
45480,332,336
45481,313,335
45482,304,333
45483,332,333
45484,323,332
45485,295,331
45486,295,327
45487,307,326
45488,288,324
45489,276,322
45490,309,321
45491,287,317
45492,301,316
45493,357,317
45494,282,316
45495,303,315
45496,315,315
45497,320,313
45498,290,312
45499,289,308
45500,297,308
45501,280,307
45502,288,305
45503,300,304
45504,267,302
45505,299,301
45506,300,300
45507,290,300
45508,302,298
45509,302,298
45510,289,297
45511,274,296
45512,287,296
45513,250,294
45514,278,294
45515,260,292
45516,268,292
45517,287,291
45518,261,287
45519,289,287
45520,254,285
45521,271,284
45522,235,280
45523,268,279
45524,258,278
45525,270,277
45526,252,276
45527,246,274
45528,277,273
45529,238,272
45530,247,270
45531,236,268
45532,283,267
45533,257,265
45534,263,264
45535,245,262
45536,238,261
45537,232,259
45538,235,258
45539,234,256
45540,257,256
45541,233,255
45542,273,254
45543,255,254
45544,257,253
45545,258,253
45546,319,255
45547,282,257
45548,260,256
45549,262,256
45550,260,256
45551,276,257
45552,251,257
45553,257,256
45554,262,257
45555,268,258
45556,263,259
45557,282,259
45558,260,259
45559,275,260
45560,294,262
45561,276,263
45562,258,264
45563,266,266
45564,287,268
45565,263,268
45566,291,270
45567,272,270
45568,309,272
45569,342,276
45570,271,276
45571,267,274
45572,294,275
45573,302,276
45574,300,278
45575,296,279
45576,270,279
45577,313,282
45578,287,283
45579,358,287
45580,298,288
45581,289,289
45582,283,289
45583,300,290
45584,286,291
45585,294,291
45586,283,291
45587,300,293
45588,298,294
45589,286,294
45590,312,296
45591,323,297
45592,301,298
45593,324,299
45594,331,299
45595,285,299
45596,326,302
45597,323,303
45598,305,303
45599,300,303
45600,302,303
45601,303,304
45602,304,304
45603,305,305
45604,320,303
45605,320,304
45606,290,304
45607,312,305
45608,347,307
45609,307,308
45610,328,309
45611,300,310
45612,336,312
45613,337,313
45614,306,314
45615,322,314
45616,320,314
45617,352,316
45618,364,318
45619,352,319
45620,335,321
45621,393,323
45622,323,323
45623,351,325
45624,313,326
45625,323,327
45626,346,328
45627,314,329
45628,329,330
45629,332,330
45630,366,332
45631,336,334
45632,337,335
45633,343,335
45634,332,336
45635,321,335
45636,346,337
45637,320,337
45638,336,336
45639,343,338
45640,353,339
45641,375,341
45642,333,341
45643,375,341
45644,335,340
45645,353,341
45646,345,339
45647,384,342
45648,358,342
45649,373,344
45650,361,346
45651,379,347
45652,360,349
45653,365,350
45654,340,351
45655,363,351
45656,368,352
45657,353,353
45658,371,354
45659,372,355
45660,370,357
45661,371,358
45662,358,360
45663,368,361
45664,385,363
45665,375,364
45666,405,365
45667,358,366
45668,370,366
45669,389,368
45670,406,370
45671,406,372
45672,382,372
45673,395,374
45674,379,374
45675,374,374
45676,374,374
45677,391,376
45678,425,378
45679,393,380
45680,395,381
45681,416,383
45682,389,385
45683,400,386
45684,398,387
45685,417,389
45686,392,390
45687,416,392
45688,405,393
45689,415,395
45690,391,395
45691,405,395
45692,419,398
45693,403,399
45694,403,400
45695,399,399
45696,399,399
45697,410,400
45698,418,401
45699,426,403
45700,409,404
45701,401,405
45702,422,407
45703,436,407
45704,442,409
45705,422,410
45706,479,413
45707,489,417
45708,450,419
45709,423,420
45710,423,420
45711,449,422
45712,462,424
45713,430,425
45714,498,428
45715,449,431
45716,453,433
45717,443,434
45718,450,435
45719,452,437
45720,465,440
45721,458,442
45722,457,444
45723,490,447
45724,458,448
45725,461,450
45726,456,453
45727,454,454
45728,462,455
45729,468,456
45730,452,457
45731,470,457
45732,460,456
45733,463,456
45734,491,459
45735,479,461
45736,506,463
45737,471,464
45738,515,467
45739,494,467
45740,487,469
45741,495,470
45742,505,473
45743,521,476
45744,490,477
45745,499,478
45746,515,481
45747,486,482
45748,497,482
45749,495,484
45750,498,485
45751,524,488
45752,518,490
45753,493,492
45754,508,493
45755,524,496
45756,498,497
45757,512,499
45758,526,502
45759,531,503
45760,508,505
45761,510,505
45762,511,506
45763,507,506
45764,521,507
45765,523,509
45766,504,509
45767,516,509
45768,546,510
45769,531,512
45770,532,513
45771,514,513
45772,516,515
45773,547,517
45774,532,518
45775,505,518
45776,514,518
45777,515,518
45778,511,518
45779,535,520
45780,502,519
45781,515,519
45782,515,519
45783,560,521
45784,521,520
45785,525,521
45786,553,523
45787,542,524
45788,553,526
45789,539,527
45790,536,527
45791,538,529
45792,521,529
45793,544,529
45794,516,528
45795,546,529
45796,555,530
45797,550,532
45798,539,531
45799,533,531
45800,535,533
45801,539,534
45802,545,535
45803,514,535
45804,505,534
45805,521,534
45806,532,535
45807,589,538
45808,507,536
45809,514,536
45810,538,536
45811,516,535
45812,517,534
45813,531,533
45814,512,532
45815,490,530
45816,514,529
45817,502,528
45818,528,528
45819,507,527
45820,524,526
45821,536,526
45822,494,523
45823,486,521
45824,517,521
45825,503,519
45826,468,516
45827,558,517
45828,491,516
45829,490,515
45830,547,516
45831,503,515
45832,496,512
45833,482,511
45834,485,509
45835,467,507
45836,467,505
45837,515,505
45838,480,502
45839,502,502
45840,505,503
45841,485,502
45842,550,503
45843,466,501
45844,493,500
45845,484,499
45846,545,499
45847,469,498
45848,489,498
45849,458,496
45850,486,495
45851,494,496
45852,468,493
45853,465,492
45854,497,492
45855,495,490
45856,469,488
45857,488,488
45858,488,488
45859,473,488
45860,474,488
45861,530,491
45862,452,488
45863,481,488
45864,492,488
45865,463,486
45866,461,485
45867,445,481
45868,519,483
45869,471,482
45870,472,482
45871,442,478
45872,443,477
45873,442,475
45874,466,475
45875,468,474
45876,450,473
45877,515,474
45878,463,474
45879,459,473
45880,445,471
45881,426,469
45882,431,467
45883,425,464
45884,427,462
45885,444,461
45886,459,458
45887,433,458
45888,469,457
45889,431,455
45890,454,454
45891,420,453
45892,461,453
45893,420,449
45894,422,447
45895,440,446
45896,446,446
45897,455,447
45898,451,447
45899,454,447
45900,434,445
45901,434,445
45902,428,441
45903,407,439
45904,447,439
45905,420,438
45906,480,440
45907,428,440
45908,426,440
45909,440,440
45910,396,438
45911,416,436
45912,440,437
45913,413,435
45914,431,435
45915,391,432
45916,401,431
45917,404,429
45918,396,428
45919,423,428
45920,399,426
45921,390,424
45922,397,422
45923,428,421
45924,468,421
45925,422,421
45926,389,419
45927,396,418
45928,375,417
45929,385,414
45930,422,414
45931,377,410
45932,396,409
45933,385,407
45934,418,406
45935,382,406
45936,398,405
45937,415,404
45938,391,403
45939,384,401
45940,378,401
45941,377,400
45942,382,399
45943,431,400
45944,386,399
45945,401,399
45946,400,399
45947,363,398
45948,381,396
45949,375,392
45950,381,391
45951,392,391
45952,368,390
45953,351,389
45954,361,388
45955,365,386
45956,353,385
45957,426,386
45958,351,384
45959,352,382
45960,338,380
45961,356,378
45962,359,376
45963,391,376
45964,403,377
45965,363,376
45966,381,376
45967,357,375
45968,375,373
45969,347,372
45970,339,369
45971,368,368
45972,372,368
45973,350,367
45974,341,366
45975,345,364
45976,371,363
45977,342,362
45978,333,362
45979,356,361
45980,352,361
45981,364,361
45982,339,358
45983,343,357
45984,323,356
45985,321,356
45986,329,355
45987,391,356
45988,314,353
45989,318,349
45990,346,349
45991,332,347
45992,323,345
45993,335,344
45994,339,343
45995,350,344
45996,347,343
45997,320,341
45998,318,340
45999,321,339
46000,325,338
46001,325,336
46002,313,335
46003,305,334
46004,315,332
46005,331,331
46006,290,329
46007,284,326
46008,372,327
46009,335,328
46010,307,327
46011,293,326
46012,311,323
46013,294,322
46014,284,321
46015,293,318
46016,296,317
46017,290,316
46018,303,314
46019,299,313
46020,304,311
46021,313,310
46022,282,308
46023,290,307
46024,294,306
46025,304,305
46026,307,304
46027,273,303
46028,302,303
46029,289,302
46030,280,300
46031,347,302
46032,265,301
46033,286,298
46034,265,295
46035,294,294
46036,289,294
46037,275,293
46038,292,293
46039,257,292
46040,302,292
46041,333,293
46042,266,292
46043,301,292
46044,263,291
46045,258,289
46046,252,287
46047,258,286
46048,269,285
46049,286,285
46050,261,283
46051,267,281
46052,250,280
46053,257,278
46054,239,276
46055,250,275
46056,238,271
46057,260,271
46058,262,270
46059,318,272
46060,278,271
46061,269,270
46062,317,272
46063,325,273
46064,254,273
46065,266,272
46066,265,269
46067,284,270
46068,285,269
46069,260,269
46070,259,269
46071,272,270
46072,261,270
46073,270,270
46074,294,270
46075,266,271
46076,260,270
46077,345,274
46078,293,276
46079,281,277
46080,293,279
46081,266,280
46082,305,282
46083,287,283
46084,280,281
46085,285,282
46086,271,282
46087,311,282
46088,279,280
46089,276,281
46090,324,283
46091,341,286
46092,292,286
46093,300,287
46094,305,289
46095,298,290
46096,313,292
46097,290,293
46098,322,295
46099,290,295
46100,304,296
46101,300,298
46102,307,297
46103,282,296
46104,300,297
46105,283,296
46106,300,298
46107,296,297
46108,296,298
46109,305,299
46110,296,299
46111,308,301
46112,292,300
46113,330,302
46114,290,303
46115,285,301
46116,291,299
46117,292,299
46118,317,300
46119,335,301
46120,331,302
46121,326,303
46122,336,305
46123,319,304
46124,335,306
46125,307,306
46126,309,307
46127,346,308
46128,342,311
46129,332,312
46130,354,315
46131,352,317
46132,350,319
46133,390,323
46134,352,325
46135,316,325
46136,311,326
46137,331,327
46138,334,327
46139,327,329
46140,340,331
46141,336,333
46142,314,334
46143,395,337
46144,343,337
46145,344,338
46146,350,339
46147,346,339
46148,331,339
46149,330,339
46150,409,343
46151,354,345
46152,364,346
46153,364,347
46154,372,348
46155,367,349
46156,337,348
46157,358,349
46158,347,347
46159,355,347
46160,352,348
46161,353,350
46162,354,351
46163,378,353
46164,354,354
46165,394,356
46166,355,357
46167,357,359
46168,359,357
46169,369,358
46170,383,360
46171,413,362
46172,379,364
46173,346,364
46174,392,367
46175,367,365
46176,371,366
46177,392,367
46178,393,368
46179,448,371
46180,385,372
46181,442,376
46182,382,377
46183,378,378
46184,381,379
46185,377,380
46186,400,382
46187,394,384
46188,400,384
46189,388,386
46190,422,387
46191,401,389
46192,383,390
46193,400,391
46194,380,392
46195,387,392
46196,422,392
46197,399,393
46198,426,396
46199,394,396
46200,470,401
46201,398,402
46202,398,402
46203,421,403
46204,390,401
46205,413,402
46206,424,401
46207,431,403
46208,439,406
46209,482,410
46210,428,412
46211,417,412
46212,481,416
46213,409,416
46214,428,418
46215,440,418
46216,446,420
46217,413,421
46218,429,423
46219,423,424
46220,459,427
46221,437,428
46222,420,429
46223,450,430
46224,445,432
46225,427,430
46226,459,432
46227,442,434
46228,458,436
46229,460,438
46230,440,439
46231,450,441
46232,468,442
46233,459,443
46234,456,442
46235,475,444
46236,448,445
46237,465,444
46238,458,446
46239,440,447
46240,455,447
46241,454,448
46242,462,450
46243,446,450
46244,484,453
46245,465,453
46246,482,455
46247,469,457
46248,471,458
46249,481,459
46250,460,460
46251,483,461
46252,477,463
46253,458,463
46254,476,463
46255,471,465
46256,518,467
46257,516,469
46258,541,472
46259,486,474
46260,496,474
46261,484,476
46262,499,477
46263,502,479
46264,501,481
46265,475,482
46266,505,484
46267,486,485
46268,501,487
46269,518,489
46270,492,490
46271,506,491
46272,517,493
46273,497,494
46274,499,495
46275,514,497
46276,520,498
46277,512,500
46278,539,503
46279,540,505
46280,566,509
46281,513,509
46282,528,509
46283,530,509
46284,539,511
46285,541,513
46286,512,514
46287,556,516
46288,565,519
46289,547,521
46290,517,522
46291,556,524
46292,523,526
46293,568,529
46294,553,530
46295,552,532
46296,537,534
46297,562,535
46298,563,538
46299,538,540
46300,540,541
46301,521,541
46302,547,542
46303,546,542
46304,538,542
46305,533,541
46306,520,541
46307,545,542
46308,540,542
46309,553,543
46310,536,543
46311,517,543
46312,551,543
46313,550,542
46314,518,541
46315,542,542
46316,538,541
46317,518,541
46318,530,540
46319,512,538
46320,513,536
46321,515,535
46322,557,535
46323,513,533
46324,527,533
46325,506,531
46326,514,531
46327,560,532
46328,507,530
46329,548,531
46330,504,529
46331,535,530
46332,498,528
46333,501,527
46334,508,525
46335,491,523
46336,503,522
46337,485,520
46338,497,518
46339,524,518
46340,530,517
46341,517,517
46342,517,516
46343,524,516
46344,496,516
46345,500,515
46346,506,515
46347,518,513
46348,477,512
46349,495,510
46350,502,510
46351,480,509
46352,493,506
46353,547,508
46354,431,503
46355,552,505
46356,489,503
46357,511,504
46358,486,503
46359,491,502
46360,488,502
46361,465,501
46362,497,501
46363,489,501
46364,495,500
46365,485,498
46366,486,497
46367,505,496
46368,475,494
46369,493,494
46370,469,493
46371,467,491
46372,472,490
46373,473,489
46374,488,489
46375,478,488
46376,484,488
46377,476,488
46378,496,486
46379,469,487
46380,488,485
46381,454,483
46382,486,482
46383,463,481
46384,455,480
46385,443,478
46386,474,478
46387,441,476
46388,447,474
46389,452,473
46390,459,472
46391,457,471
46392,451,468
46393,437,467
46394,474,466
46395,428,464
46396,456,464
46397,465,464
46398,447,463
46399,440,461
46400,432,459
46401,454,458
46402,433,456
46403,435,454
46404,459,453
46405,442,451
46406,460,452
46407,430,449
46408,430,448
46409,431,447
46410,438,447
46411,457,446
46412,441,446
46413,436,446
46414,433,445
46415,428,444
46416,429,443
46417,439,442
46418,413,441
46419,422,439
46420,466,441
46421,442,440
46422,413,438
46423,410,437
46424,416,436
46425,429,435
46426,414,434
46427,443,434
46428,422,434
46429,418,432
46430,412,431
46431,451,431
46432,431,431
46433,432,431
46434,404,430
46435,442,430
46436,398,427
46437,412,426
46438,454,427
46439,459,428
46440,411,427
46441,394,426
46442,411,425
46443,393,424
46444,399,423
46445,461,423
46446,406,421
46447,403,421
46448,382,420
46449,406,419
46450,407,419
46451,388,418
46452,419,417
46453,393,415
46454,407,415
46455,399,414
46456,403,413
46457,401,411
46458,387,410
46459,416,410
46460,401,408
46461,364,407
46462,375,406
46463,442,405
46464,412,403
46465,445,405
46466,402,405
46467,385,404
46468,393,404
46469,426,405
46470,371,401
46471,385,400
46472,387,400
46473,390,400
46474,381,399
46475,378,398
46476,365,397
46477,386,396
46478,379,395
46479,408,395
46480,380,394
46481,403,394
46482,350,392
46483,361,391
46484,379,390
46485,359,388
46486,357,388
46487,335,386
46488,426,386
46489,379,384
46490,356,381
46491,378,380
46492,345,378
46493,355,377
46494,333,373
46495,344,372
46496,361,371
46497,322,368
46498,356,367
46499,375,367
46500,363,366
46501,336,365
46502,324,363
46503,360,362
46504,318,358
46505,326,356
46506,366,355
46507,326,354
46508,328,352
46509,330,350
46510,348,350
46511,336,349
46512,317,348
46513,350,345
46514,308,342
46515,311,341
46516,314,338
46517,341,338
46518,307,336
46519,311,335
46520,327,334
46521,321,333
46522,336,333
46523,292,331
46524,308,328
46525,295,325
46526,319,325
46527,304,324
46528,330,323
46529,324,323
46530,330,323
46531,294,320
46532,295,319
46533,297,318
46534,309,317
46535,306,315
46536,285,313
46537,314,313
46538,359,313
46539,296,313
46540,355,315
46541,283,314
46542,360,314
46543,284,313
46544,289,312
46545,278,311
46546,274,309
46547,284,307
46548,283,306
46549,283,305
46550,259,304
46551,277,302
46552,261,300
46553,272,298
46554,260,295
46555,272,293
46556,296,293
46557,269,292
46558,249,290
46559,249,288
46560,258,286
46561,268,285
46562,278,284
46563,250,279
46564,267,278
46565,282,275
46566,321,277
46567,260,273
46568,263,272
46569,269,271
46570,318,273
46571,262,272
46572,256,271
46573,256,270
46574,264,269
46575,254,269
46576,277,269
46577,268,270
46578,225,268
46579,241,267
46580,235,265
46581,260,264
46582,236,263
46583,264,263
46584,287,265
46585,221,263
46586,262,263
46587,237,261
46588,266,262
46589,239,261
46590,250,260
46591,263,257
46592,245,257
46593,239,256
46594,214,254
46595,263,251
46596,223,250
46597,247,249
46598,236,249
46599,232,247
46600,242,247
46601,210,244
46602,215,242
46603,250,243
46604,214,242
46605,211,241
46606,217,239
46607,202,238
46608,205,236
46609,249,234
46610,218,234
46611,192,231
46612,235,231
46613,227,230
46614,210,228
46615,203,226
46616,220,225
46617,196,223
46618,197,221
46619,220,221
46620,218,220
46621,218,219
46622,189,217
46623,198,216
46624,217,215
46625,230,214
46626,217,215
46627,202,214
46628,195,212
46629,186,211
46630,209,211
46631,213,211
46632,204,211
46633,210,211
46634,219,210
46635,217,210
46636,207,210
46637,186,208
46638,209,208
46639,186,207
46640,199,206
46641,190,205
46642,182,205
46643,194,205
46644,223,205
46645,192,204
46646,195,203
46647,190,203
46648,186,202
46649,197,202
46650,203,200
46651,225,201
46652,203,201
46653,194,201
46654,223,202
46655,218,203
46656,186,202
46657,169,200
46658,225,201
46659,212,200
46660,190,199
46661,231,200
46662,223,202
46663,199,201
46664,180,201
46665,212,202
46666,221,203
46667,205,204
46668,211,205
46669,215,204
46670,181,204
46671,189,204
46672,192,204
46673,205,204
46674,205,205
46675,224,206
46676,177,204
46677,208,204
46678,181,203
46679,173,201
46680,221,201
46681,198,202
46682,171,202
46683,184,200
46684,192,200
46685,195,200
46686,190,198
46687,208,197
46688,217,198
46689,189,199
46690,191,198
46691,186,196
46692,203,196
46693,191,195
46694,222,196
46695,197,196
46696,207,197
46697,184,197
46698,197,196
46699,212,197
46700,179,195
46701,191,195
46702,201,195
46703,181,195
46704,196,196
46705,191,195
46706,205,195
46707,212,197
46708,180,197
46709,205,197
46710,202,197
46711,214,198
46712,165,197
46713,199,196
46714,180,196
46715,194,196
46716,193,196
46717,211,196
46718,205,197
46719,169,195
46720,178,194
46721,167,192
46722,177,192
46723,173,191
46724,164,189
46725,184,189
46726,222,191
46727,202,191
46728,193,191
46729,184,191
46730,187,191
46731,177,189
46732,193,189
46733,187,189
46734,180,188
46735,198,188
46736,217,188
46737,186,189
46738,203,189
46739,171,189
46740,207,189
46741,197,189
46742,182,188
46743,177,187
46744,195,188
46745,182,188
46746,191,189
46747,201,190
46748,170,190
46749,181,191
46750,208,192
46751,201,191
46752,179,190
46753,239,192
46754,199,192
46755,191,192
46756,154,192
46757,175,191
46758,175,190
46759,207,191
46760,163,190
46761,195,189
46762,170,189
46763,184,188
46764,170,188
46765,156,186
46766,155,184
46767,175,184
46768,236,186
46769,179,185
46770,163,185
46771,156,183
46772,187,183
46773,163,182
46774,199,183
46775,169,182
46776,176,181
46777,142,179
46778,171,176
46779,151,174
46780,151,173
46781,160,173
46782,177,173
46783,155,172
46784,186,172
46785,177,172
46786,157,171
46787,140,169
46788,204,170
46789,165,170
46790,147,170
46791,227,173
46792,177,173
46793,150,169
46794,172,169
46795,156,169
46796,146,168
46797,163,167
46798,184,168
46799,163,167
46800,143,166
46801,148,164
46802,158,165
46803,159,165
46804,148,165
46805,146,164
46806,161,164
46807,172,164
46808,187,165
46809,174,165
46810,132,163
46811,141,163
46812,143,163
46813,152,161
46814,131,159
46815,124,158
46816,166,156
46817,158,155
46818,153,155
46819,155,155
46820,129,153
46821,133,153
46822,146,152
46823,140,150
46824,144,150
46825,130,149
46826,165,150
46827,135,149
46828,205,151
46829,134,150
46830,165,151
46831,140,150
46832,143,149
46833,139,147
46834,148,146
46835,123,146
46836,194,148
46837,120,147
46838,155,147
46839,120,147
46840,134,147
46841,153,146
46842,130,145
46843,134,145
46844,127,143
46845,136,144
46846,130,144
46847,143,143
46848,123,143
46849,130,142
46850,122,142
46851,110,140
46852,130,140
46853,136,137
46854,137,137
46855,120,135
46856,128,135
46857,122,134
46858,191,136
46859,126,135
46860,136,135
46861,94,131
46862,108,131
46863,110,129
46864,145,130
46865,122,130
46866,83,127
46867,132,127
46868,105,126
46869,105,125
46870,115,124
46871,125,124
46872,112,123
46873,133,123
46874,135,123
46875,114,123
46876,95,122
46877,112,122
46878,92,120
46879,111,119
46880,103,118
46881,94,117
46882,151,118
46883,128,115
46884,114,115
46885,90,113
46886,125,114
46887,107,114
46888,93,114
46889,113,112
46890,86,111
46891,91,111
46892,128,111
46893,103,111
46894,75,110
46895,121,110
46896,105,109
46897,103,109
46898,83,107
46899,75,104
46900,81,103
46901,100,103
46902,82,102
46903,119,103
46904,159,105
46905,94,105
46906,106,105
46907,96,103
46908,71,101
46909,108,101
46910,107,101
46911,85,100
46912,93,99
46913,76,98
46914,88,97
46915,112,98
46916,83,98
46917,104,97
46918,74,96
46919,74,96
46920,99,95
46921,89,94
46922,89,94
46923,95,94
46924,63,94
46925,120,95
46926,93,95
46927,84,95
46928,85,94
46929,91,91
46930,71,90
46931,108,90
46932,103,91
46933,86,91
46934,109,91
46935,91,91
46936,100,91
46937,88,91
46938,101,92
46939,88,92
46940,146,93
46941,68,93
46942,102,93
46943,73,93
46944,75,93
46945,82,92
46946,98,92
46947,156,95
46948,109,96
46949,82,96
46950,94,95
46951,101,96
46952,108,97
46953,105,97
46954,72,97
46955,91,97
46956,118,98
46957,117,98
46958,92,99
46959,91,98
46960,85,98
46961,97,98
46962,100,98
46963,81,97
46964,117,98
46965,154,99
46966,89,100
46967,106,100
46968,120,102
46969,119,103
46970,109,104
46971,100,105
46972,118,103
46973,97,103
46974,173,106
46975,107,107
46976,99,107
46977,121,107
46978,138,108
46979,121,110
46980,105,111
46981,111,111
46982,109,110
46983,122,112
46984,122,113
46985,96,113
46986,120,114
46987,102,114
46988,170,118
46989,104,117
46990,91,115
46991,107,115
46992,134,117
46993,94,116
46994,104,115
46995,136,116
46996,106,116
46997,122,116
46998,120,117
46999,124,115
47000,110,116
47001,112,116
47002,138,117
47003,99,115
47004,103,114
47005,117,115
47006,110,115
47007,151,117
47008,113,116
47009,165,118
47010,149,120
47011,122,120
47012,126,121
47013,115,119
47014,136,120
47015,134,122
47016,127,123
47017,143,123
47018,127,124
47019,151,126
47020,135,126
47021,123,127
47022,143,128
47023,158,129
47024,139,130
47025,124,130
47026,152,132
47027,138,132
47028,158,134
47029,126,135
47030,132,136
47031,132,137
47032,125,136
47033,140,137
47034,137,136
47035,157,136
47036,143,137
47037,175,139
47038,148,140
47039,139,140
47040,131,140
47041,145,141
47042,137,141
47043,159,142
47044,153,142
47045,138,142
47046,188,145
47047,128,144
47048,147,144
47049,117,143
47050,187,145
47051,147,145
47052,181,147
47053,151,147
47054,152,148
47055,152,148
47056,166,150
47057,137,150
47058,139,150
47059,151,151
47060,163,151
47061,132,151
47062,144,149
47063,146,149
47064,139,149
47065,133,149
47066,178,151
47067,145,151
47068,154,151
47069,156,151
47070,154,151
47071,125,149
47072,142,150
47073,142,149
47074,140,150
47075,160,149
47076,171,150
47077,176,150
47078,149,150
47079,155,150
47080,206,152
47081,156,152
47082,154,152
47083,171,154
47084,151,154
47085,161,154
47086,138,154
47087,171,155
47088,146,155
47089,142,155
47090,186,157
47091,171,157
47092,208,159
47093,147,159
47094,164,159
47095,140,159
47096,153,160
47097,143,160
47098,205,163
47099,175,164
47100,147,163
47101,142,162
47102,169,162
47103,126,161
47104,171,162
47105,148,159
47106,145,159
47107,197,161
47108,153,160
47109,138,159
47110,135,158
47111,154,159
47112,127,157
47113,145,157
47114,158,158
47115,137,156
47116,159,155
47117,128,152
47118,132,152
47119,143,151
47120,137,151
47121,129,150
47122,186,151
47123,142,149
47124,158,148
47125,170,149
47126,108,148
47127,157,147
47128,137,148
47129,120,146
47130,123,145
47131,127,144
47132,124,141
47133,124,140
47134,135,140
47135,136,140
47136,109,138
47137,111,137
47138,130,137
47139,144,136
47140,133,136
47141,105,134
47142,152,135
47143,125,135
47144,131,134
47145,124,134
47146,157,135
47147,115,132
47148,123,131
47149,190,132
47150,122,130
47151,129,131
47152,149,131
47153,166,132
47154,138,133
47155,126,133
47156,101,132
47157,98,131
47158,115,131
47159,156,131
47160,130,131
47161,106,131
47162,137,132
47163,150,133
47164,110,132
47165,115,131
47166,128,132
47167,115,130
47168,139,131
47169,187,133
47170,113,133
47171,134,132
47172,95,131
47173,114,131
47174,124,128
47175,104,127
47176,122,127
47177,110,125
47178,112,123
47179,93,121
47180,117,121
47181,98,121
47182,97,121
47183,100,120
47184,106,118
47185,115,118
47186,114,118
47187,122,117
47188,97,115
47189,97,115
47190,132,115
47191,90,114
47192,98,113
47193,121,112
47194,108,109
47195,90,108
47196,127,108
47197,110,109
47198,89,108
47199,104,107
47200,154,109
47201,88,108
47202,105,107
47203,77,106
47204,95,106
47205,98,105
47206,92,105
47207,86,105
47208,82,104
47209,110,104
47210,69,102
47211,99,102
47212,104,101
47213,99,101
47214,92,101
47215,97,99
47216,91,99
47217,82,99
47218,94,98
47219,112,98
47220,76,97
47221,96,96
47222,117,96
47223,73,96
47224,91,95
47225,86,92
47226,97,93
47227,85,92
47228,98,93
47229,106,93
47230,80,93
47231,102,93
47232,75,93
47233,79,92
47234,114,93
47235,102,94
47236,73,93
47237,85,92
47238,59,90
47239,84,90
47240,67,89
47241,71,88
47242,76,88
47243,71,87
47244,70,85
47245,88,86
47246,104,86
47247,84,85
47248,57,84
47249,74,83
47250,70,83
47251,96,83
47252,63,82
47253,50,80
47254,77,79
47255,81,79
47256,52,77
47257,90,77
47258,81,78
47259,84,76
47260,64,75
47261,52,74
47262,73,74
47263,66,74
47264,76,73
47265,65,73
47266,93,74
47267,61,74
47268,65,73
47269,77,74
47270,106,74
47271,66,73
47272,55,72
47273,66,72
47274,130,74
47275,57,74
47276,57,72
47277,96,74
47278,101,76
47279,75,76
47280,96,76
47281,103,78
47282,57,77
47283,76,77
47284,74,76
47285,90,77
47286,64,78
47287,77,78
47288,73,78
47289,141,81
47290,102,82
47291,63,81
47292,58,81
47293,80,82
47294,136,84
47295,0,80
