1,459,459
2,496,460
3,499,462
4,456,462
5,493,463
6,525,466
7,474,467
8,465,467
9,483,468
10,503,470
11,464,470
12,479,471
13,508,472
14,486,474
15,476,474
16,476,475
17,462,475
18,476,476
19,482,477
20,468,477
21,461,477
22,466,477
23,458,477
24,478,478
25,474,479
26,471,479
27,476,478
28,454,477
29,474,477
30,469,476
31,460,474
32,470,474
33,443,473
34,445,471
35,447,469
36,461,469
37,478,469
38,509,469
39,494,469
40,439,468
41,447,466
42,455,466
43,445,465
44,426,463
45,423,461
46,422,459
47,431,458
48,432,457
49,407,454
50,439,453
51,462,452
52,436,451
53,433,450
54,443,449
55,404,446
56,484,447
57,444,446
58,410,445
59,412,443
60,395,441
61,399,439
62,411,436
63,403,432
64,410,428
65,410,427
66,417,426
67,390,424
68,423,423
69,386,421
70,401,420
71,409,420
72,410,419
73,404,418
74,393,417
75,419,416
76,385,413
77,415,412
78,419,412
79,421,411
80,449,413
81,386,409
82,379,406
83,388,405
84,389,404
85,377,404
86,389,403
87,361,401
88,400,401
89,406,401
90,397,401
91,369,399
92,362,397
93,375,396
94,394,396
95,359,394
96,371,393
97,374,391
98,364,390
99,357,388
100,373,386
101,390,387
102,355,384
103,370,382
104,355,380
105,358,376
106,418,377
107,362,377
108,348,375
109,360,374
110,358,373
111,339,371
112,366,371
113,370,370
114,328,367
115,354,365
116,345,364
117,338,363
118,333,362
119,332,359
120,337,358
121,345,357
122,348,356
123,323,354
124,321,353
125,308,350
126,319,348
127,345,347
128,319,345
129,324,344
130,328,343
131,322,339
132,339,338
133,305,336
134,324,335
135,330,334
136,322,333
137,373,333
138,309,331
139,318,330
140,313,329
141,305,327
142,327,327
143,312,326
144,310,325
145,295,323
146,290,321
147,301,319
148,321,319
149,317,319
150,300,319
151,275,317
152,298,315
153,283,314
154,287,312
155,293,311
156,294,310
157,313,309
158,361,311
159,305,310
160,280,308
161,291,307
162,284,303
163,302,303
164,277,301
165,266,299
166,263,298
167,269,295
168,312,295
169,288,295
170,303,295
171,334,297
172,289,296
173,272,294
174,282,293
175,274,292
176,263,291
177,268,290
178,274,290
179,243,288
180,254,286
181,276,286
182,257,283
183,289,281
184,254,279
185,251,277
186,264,276
187,255,275
188,251,273
189,238,272
190,232,270
191,226,269
192,233,267
193,255,265
194,281,265
195,304,265
196,216,260
197,223,257
198,298,258
199,233,256
200,238,255
201,251,255
202,233,253
203,244,252
204,223,251
205,215,250
206,225,248
207,228,246
208,227,244
209,214,242
210,242,242
211,209,240
212,207,238
213,217,236
214,240,237
215,200,235
216,212,235
217,200,233
218,235,233
219,200,229
220,229,226
221,232,227
222,213,227
223,203,223
224,214,222
225,233,222
226,234,221
227,260,222
228,197,220
229,172,218
230,191,217
231,192,216
232,249,217
233,178,215
234,171,213
235,220,212
236,208,212
237,180,211
238,188,210
239,160,207
240,154,205
241,207,205
242,176,204
243,178,202
244,183,201
245,173,199
246,155,196
247,175,194
248,203,194
249,180,193
250,180,191
251,226,190
252,159,186
253,162,185
254,194,186
255,156,184
256,163,183
257,159,180
258,163,179
259,162,179
260,143,175
261,140,173
262,161,172
263,190,172
264,166,172
265,158,172
266,174,171
267,164,171
268,157,170
269,156,169
270,163,168
271,155,168
272,133,167
273,141,164
274,128,162
275,216,164
276,135,160
277,127,159
278,144,158
279,146,156
280,132,155
281,131,154
282,135,153
283,171,153
284,151,153
285,141,153
286,206,155
287,142,154
288,139,152
289,141,151
290,142,151
291,143,150
292,165,150
293,143,149
294,151,149
295,145,148
296,127,147
297,120,146
298,146,147
299,147,147
300,127,144
301,132,144
302,155,145
303,141,145
304,174,146
305,142,146
306,154,147
307,161,148
308,175,148
309,142,148
310,182,150
311,150,147
312,155,148
313,172,149
314,185,151
315,170,152
316,194,154
317,166,154
318,154,155
319,155,155
320,176,156
321,178,158
322,181,161
323,206,163
324,164,164
325,177,166
326,177,167
327,183,169
328,171,170
329,253,173
330,187,175
331,180,176
332,230,179
333,188,179
334,198,181
335,189,182
336,194,183
337,176,184
338,191,185
339,215,186
340,189,187
341,191,187
342,170,187
343,201,189
344,200,191
345,183,191
346,180,191
347,185,191
348,222,192
349,181,192
350,219,194
351,192,195
352,196,195
353,196,196
354,202,194
355,218,195
356,212,197
357,194,195
358,196,196
359,213,196
360,191,196
361,241,198
362,207,199
363,220,201
364,194,200
365,209,201
366,201,201
367,218,203
368,207,203
369,210,203
370,234,206
371,221,207
372,210,208
373,228,208
374,221,210
375,222,210
376,233,212
377,233,213
378,250,215
379,215,216
380,216,216
381,233,217
382,210,217
383,223,218
384,229,219
385,234,221
386,215,220
387,227,221
388,229,221
389,254,223
390,251,225
391,227,226
392,258,228
393,221,228
394,255,230
395,228,230
396,288,232
397,242,234
398,215,233
399,253,234
400,235,235
401,229,235
402,224,234
403,249,234
404,230,235
405,236,236
406,253,237
407,248,238
408,266,240
409,236,240
410,242,240
411,235,241
412,269,243
413,268,244
414,262,245
415,263,245
416,251,246
417,251,246
418,260,248
419,244,247
420,241,248
421,275,247
422,256,248
423,251,249
424,253,249
425,257,250
426,298,253
427,259,254
428,238,254
429,260,255
430,260,256
431,240,255
432,265,256
433,252,255
434,283,257
435,263,258
436,252,259
437,262,259
438,311,260
439,258,260
440,327,263
441,294,264
442,258,265
443,265,265
444,262,266
445,244,266
446,290,266
447,261,267
448,271,267
449,264,268
450,315,270
451,271,269
452,248,269
453,276,270
454,247,270
455,252,269
456,255,270
457,255,269
458,261,270
459,278,270
460,258,269
461,266,270
462,279,271
463,275,269
464,269,270
465,250,267
466,271,266
467,242,265
468,253,265
469,275,265
470,260,266
471,275,265
472,243,264
473,255,264
474,275,264
475,261,262
476,264,262
477,244,262
478,285,262
479,255,262
480,258,262
481,313,265
482,267,265
483,248,265
484,270,264
485,231,263
486,274,264
487,239,262
488,260,261
489,237,260
490,255,260
491,224,259
492,237,258
493,252,258
494,235,257
495,267,257
496,230,255
497,253,256
498,253,255
499,222,253
500,231,252
501,265,252
502,237,252
503,259,251
504,231,250
505,242,249
506,266,247
507,260,247
508,223,246
509,225,244
510,265,246
511,277,246
512,223,245
513,238,244
514,225,244
515,230,243
516,208,242
517,222,242
518,230,241
519,230,240
520,234,239
521,230,239
522,222,238
523,201,236
524,215,236
525,217,235
526,207,233
527,226,232
528,239,231
529,200,230
530,274,231
531,201,229
532,218,227
533,211,227
534,199,226
535,264,226
536,201,223
537,201,222
538,197,220
539,213,220
540,230,220
541,231,221
542,261,222
543,191,221
544,210,220
545,211,219
546,183,217
547,225,217
548,224,218
549,204,218
550,204,217
551,184,216
552,186,214
553,206,213
554,201,213
555,226,211
556,227,212
557,194,211
558,256,213
559,221,214
560,190,211
561,173,210
562,192,210
563,179,209
564,193,208
565,198,207
566,208,206
567,166,202
568,123,199
569,182,198
570,189,197
571,176,197
572,208,196
573,180,195
574,194,194
575,186,194
576,179,193
577,190,193
578,171,192
579,183,191
580,183,190
581,186,188
582,164,187
583,196,184
584,153,182
585,191,182
586,196,183
587,166,182
588,152,181
589,166,179
590,227,181
591,138,178
592,173,178
593,174,180
594,190,180
595,216,182
596,165,181
597,186,180
598,194,181
599,160,179
600,150,178
601,184,178
602,148,176
603,184,177
604,165,176
605,140,175
606,179,174
607,173,175
608,198,175
609,165,175
610,154,174
611,165,172
612,143,172
613,148,171
614,128,170
615,141,166
616,149,167
617,122,165
618,143,164
619,182,163
620,134,160
621,159,160
622,162,159
623,157,157
624,152,157
625,117,156
626,112,153
627,160,153
628,146,152
629,123,150
630,158,151
631,139,149
632,162,149
633,136,146
634,116,144
635,136,144
636,106,141
637,141,141
638,109,140
639,118,139
640,181,141
641,144,141
642,132,141
643,116,140
644,119,137
645,105,136
646,133,135
647,98,133
648,121,131
649,108,129
650,110,129
651,108,129
652,112,127
653,112,126
654,90,124
655,94,122
656,107,121
657,101,118
658,146,119
659,99,118
660,125,117
661,101,117
662,117,116
663,100,116
664,90,115
665,142,113
666,93,111
667,94,110
668,122,110
669,104,109
670,95,109
671,95,107
672,84,107
673,81,105
674,82,104
675,89,103
676,134,104
677,92,104
678,72,102
679,94,102
680,108,103
681,83,102
682,60,100
683,73,97
684,94,97
685,85,95
686,101,95
687,79,94
688,65,92
689,84,92
690,70,89
691,86,89
692,128,90
693,80,89
694,72,87
695,63,86
696,73,85
697,78,85
698,81,85
699,78,85
700,58,84
701,94,82
702,91,82
703,62,82
704,111,82
705,80,81
706,62,80
707,63,80
708,69,80
709,67,79
710,80,79
711,85,78
712,62,78
713,76,78
714,67,77
715,59,77
716,76,77
717,70,74
718,54,73
719,60,73
720,55,72
721,86,73
722,95,74
723,75,73
724,55,72
725,74,73
726,68,72
727,68,71
728,60,71
729,65,69
730,57,68
731,106,70
732,89,71
733,64,71
734,67,71
735,88,71
736,78,71
737,149,74
738,88,75
739,80,75
740,80,76
741,110,78
742,92,79
743,90,80
744,90,81
745,75,82
746,124,83
747,114,84
748,102,85
749,113,88
750,141,90
751,91,91
752,172,95
753,135,98
754,98,100
755,112,102
756,116,102
757,114,103
758,172,108
759,114,110
760,94,110
761,107,111
762,151,111
763,111,112
764,105,113
765,135,115
766,108,115
767,99,115
768,124,117
769,97,117
770,99,118
771,104,117
772,109,117
773,127,118
774,127,118
775,121,118
776,146,120
777,113,118
778,127,117
779,107,118
780,118,118
781,135,119
782,109,118
783,125,116
784,111,116
785,105,117
786,150,119
787,167,119
788,120,120
789,122,120
790,160,121
791,183,124
792,149,126
793,156,127
794,159,130
795,117,131
796,126,132
797,120,132
798,133,132
799,160,134
800,119,133
801,120,132
802,163,134
803,150,135
804,116,136
805,122,136
806,131,136
807,130,137
808,179,139
809,124,139
810,156,141
811,130,140
812,139,139
813,130,140
814,174,142
815,158,142
816,137,140
817,140,140
818,147,139
819,131,138
820,157,140
821,158,141
822,145,142
823,198,145
824,148,144
825,143,145
826,150,146
827,204,148
828,154,148
829,140,149
830,131,149
831,142,150
832,212,153
833,132,151
834,167,153
835,164,153
836,152,154
837,146,154
838,148,155
839,136,154
840,137,153
841,150,153
842,123,153
843,139,152
844,135,152
845,164,153
846,129,152
847,170,153
848,135,150
849,133,149
850,133,149
851,148,149
852,173,148
853,205,150
854,160,151
855,176,152
856,154,153
857,143,150
858,122,150
859,159,149
860,149,149
861,155,149
862,140,149
863,141,148
864,147,149
865,121,148
866,154,148
867,140,149
868,132,149
869,156,150
870,126,148
871,139,148
872,164,148
873,158,149
874,127,149
875,162,150
876,166,151
877,141,149
878,124,146
879,159,146
880,134,145
881,129,144
882,146,144
883,158,145
884,130,144
885,129,143
886,161,143
887,131,143
888,124,142
889,145,142
890,163,144
891,158,144
892,129,144
893,143,144
894,163,144
895,160,146
896,132,145
897,123,144
898,143,143
899,126,143
900,195,144
901,121,143
902,135,142
903,118,142
904,163,142
905,126,142
906,133,142
907,130,142
908,121,140
909,107,139
910,127,139
911,148,139
912,99,137
913,104,136
914,93,134
915,146,134
916,113,132
917,129,132
918,135,132
919,122,130
920,127,129
921,120,128
922,101,127
923,112,126
924,120,126
925,143,124
926,125,124
927,129,124
928,92,123
929,108,120
930,117,120
931,109,119
932,96,118
933,98,117
934,115,117
935,112,117
936,107,115
937,83,114
938,102,114
939,109,115
940,117,114
941,100,113
942,104,112
943,74,110
944,122,110
945,87,108
946,83,107
947,82,106
948,102,105
949,90,104
950,103,103
951,118,102
952,89,101
953,96,101
954,122,101
955,110,101
956,93,101
957,122,102
958,104,102
959,81,100
960,82,99
961,103,99
962,108,100
963,112,101
964,97,100
965,92,99
966,96,99
967,99,99
968,115,100
969,104,100
970,92,100
971,88,100
972,141,102
973,102,102
974,66,101
975,87,101
976,60,98
977,103,99
978,118,100
979,65,98
980,60,96
981,71,95
982,73,93
983,85,92
984,77,92
985,63,91
986,112,91
987,71,90
988,61,88
989,57,86
990,80,86
991,74,85
992,74,84
993,90,83
994,64,81
995,91,81
996,89,81
997,79,79
998,60,77
999,80,78
1000,112,79
1001,52,78
1002,65,77
1003,54,74
1004,88,75
1005,74,76
1006,101,77
1007,67,77
1008,81,77
1009,58,76
1010,52,75
1011,58,73
1012,127,76
1013,122,78
1014,66,78
1015,52,77
1016,49,76
1017,85,77
1018,115,78
1019,63,78
1020,75,77
1021,85,77
1022,84,77
1023,52,77
1024,56,76
1025,52,73
1026,76,74
1027,64,74
1028,64,75
1029,59,73
1030,63,73
1031,64,72
1032,72,72
1033,59,71
1034,53,71
1035,55,71
1036,117,73
1037,46,70
1038,69,68
1039,52,67
1040,58,67
1041,46,67
1042,78,67
1043,35,64
1044,63,64
1045,44,63
1046,56,61
1047,80,61
1048,47,61
1049,63,61
1050,79,62
1051,56,62
1052,40,61
1053,128,63
1054,43,63
1055,48,62
1056,45,61
1057,80,62
1058,43,61
1059,56,61
1060,54,61
1061,52,58
1062,73,60
1063,60,59
1064,42,59
1065,71,59
1066,65,60
1067,66,60
1068,46,60
1069,122,62
1070,52,63
1071,85,64
1072,57,63
1073,48,63
1074,71,63
1075,87,64
1076,84,65
1077,54,65
1078,59,63
1079,83,64
1080,81,65
1081,75,67
1082,102,68
1083,98,70
1084,98,71
1085,59,72
1086,69,72
1087,68,72
1088,80,73
1089,79,74
1090,89,75
1091,60,75
1092,111,77
1093,64,77
1094,76,76
1095,69,76
1096,86,76
1097,75,77
1098,113,80
1099,155,83
1100,90,83
1101,91,83
1102,79,84
1103,87,85
1104,122,87
1105,95,88
1106,90,88
1107,106,88
1108,113,89
1109,82,88
1110,98,90
1111,123,92
1112,120,94
1113,123,96
1114,94,96
1115,76,96
1116,118,98
1117,106,98
1118,89,99
1119,103,100
1120,118,102
1121,84,102
1122,103,103
1123,117,103
1124,89,101
1125,85,100
1126,108,101
1127,93,102
1128,166,105
1129,91,104
1130,98,104
1131,128,105
1132,106,105
1133,99,105
1134,115,106
1135,79,105
1136,116,105
1137,126,105
1138,100,104
1139,105,105
1140,94,105
1141,102,105
1142,132,106
1143,111,107
1144,102,107
1145,113,106
1146,99,107
1147,117,108
1148,114,108
1149,116,109
1150,112,110
1151,135,111
1152,93,111
1153,108,108
1154,114,109
1155,128,111
1156,135,111
1157,90,110
1158,127,111
1159,134,112
1160,129,114
1161,115,114
1162,100,113
1163,109,113
1164,118,114
1165,175,117
1166,107,117
1167,125,117
1168,151,119
1169,99,119
1170,116,119
1171,138,120
1172,125,121
1173,121,121
1174,102,120
1175,110,120
1176,133,120
1177,127,121
1178,117,122
1179,97,121
1180,134,121
1181,153,122
1182,106,123
1183,120,122
1184,122,122
1185,137,122
1186,123,123
1187,135,124
1188,134,125
1189,120,125
1190,108,122
1191,134,123
1192,122,123
1193,129,122
1194,127,124
1195,107,123
1196,132,123
1197,129,123
1198,122,123
1199,176,126
1200,110,126
1201,127,126
1202,120,126
1203,134,126
1204,111,127
1205,141,127
1206,126,126
1207,107,126
1208,114,126
1209,120,126
1210,113,125
1211,108,124
1212,100,123
1213,110,122
1214,117,122
1215,101,121
1216,135,122
1217,179,124
1218,130,124
1219,87,122
1220,151,124
1221,130,124
1222,124,124
1223,104,123
1224,81,119
1225,107,119
1226,135,119
1227,137,120
1228,117,119
1229,93,119
1230,98,117
1231,103,116
1232,91,115
1233,127,116
1234,105,115
1235,142,116
1236,123,117
1237,96,117
1238,132,118
1239,122,118
1240,88,117
1241,101,116
1242,126,114
1243,98,113
1244,119,114
1245,82,111
1246,94,110
1247,89,108
1248,122,109
1249,122,111
1250,100,110
1251,94,109
1252,92,107
1253,77,105
1254,100,106
1255,88,105
1256,72,104
1257,70,103
1258,72,101
1259,99,101
1260,76,98
1261,74,96
1262,97,96
1263,86,94
1264,86,93
1265,88,93
1266,67,92
1267,108,91
1268,76,90
1269,76,88
1270,116,90
1271,72,89
1272,81,88
1273,82,87
1274,87,85
1275,70,84
1276,85,84
1277,98,84
1278,63,84
1279,81,83
1280,99,83
1281,79,84
1282,118,85
1283,125,88
1284,112,88
1285,99,89
1286,63,89
1287,72,88
1288,79,87
1289,91,87
1290,67,87
1291,84,87
1292,67,86
1293,98,87
1294,69,86
1295,93,85
1296,65,85
1297,68,85
1298,101,85
1299,64,84
1300,79,85
1301,60,84
1302,85,83
1303,66,83
1304,77,83
1305,55,81
1306,132,84
1307,50,81
1308,77,79
1309,93,78
1310,54,76
1311,71,77
1312,69,77
1313,63,76
1314,52,74
1315,47,74
1316,62,73
1317,76,73
1318,69,72
1319,66,72
1320,53,70
1321,73,70
1322,71,71
1323,78,70
1324,132,72
1325,78,72
1326,126,75
1327,75,75
1328,69,75
1329,86,75
1330,56,75
1331,128,75
1332,55,75
1333,64,75
1334,50,73
1335,70,74
1336,91,74
1337,83,75
1338,63,75
1339,63,75
1340,92,77
1341,72,78
1342,47,76
1343,56,76
1344,52,75
1345,45,75
1346,60,74
1347,88,75
1348,54,74
1349,41,71
1350,60,70
1351,47,67
1352,66,66
1353,64,66
1354,91,66
1355,39,66
1356,62,63
1357,67,63
1358,41,63
1359,33,62
1360,50,61
1361,56,60
1362,54,59
1363,81,59
1364,65,59
1365,73,59
1366,46,58
1367,101,60
1368,94,61
1369,42,61
1370,44,61
1371,62,61
1372,98,61
1373,48,61
1374,58,62
1375,48,61
1376,46,61
1377,62,61
1378,61,61
1379,95,61
1380,74,62
1381,59,62
1382,58,62
1383,66,63
1384,52,64
1385,70,65
1386,94,66
1387,56,66
1388,54,65
1389,52,65
1390,59,64
1391,59,64
1392,48,62
1393,49,61
1394,93,63
1395,127,66
1396,65,66
1397,59,64
1398,51,65
1399,64,65
1400,71,66
1401,71,67
1402,63,67
1403,92,68
1404,74,67
1405,125,69
1406,92,71
1407,70,71
1408,62,71
1409,80,72
1410,98,73
1411,55,72
1412,78,72
1413,73,73
1414,90,75
1415,63,75
1416,99,76
1417,99,79
1418,79,80
1419,95,80
1420,78,78
1421,81,78
1422,79,79
1423,82,81
1424,131,83
1425,84,84
1426,80,84
1427,82,85
1428,76,84
1429,79,84
1430,74,82
1431,55,81
1432,153,84
1433,110,86
1434,89,86
1435,80,86
1436,82,87
1437,76,87
1438,72,87
1439,64,86
1440,91,87
1441,84,86
1442,65,85
1443,88,85
1444,75,84
1445,98,85
1446,93,86
1447,114,87
1448,88,87
1449,83,85
1450,112,87
1451,104,87
1452,83,88
1453,78,88
1454,84,88
1455,92,89
1456,105,91
1457,88,88
1458,82,87
1459,119,88
1460,151,91
1461,140,93
1462,102,94
1463,75,94
1464,116,96
1465,107,97
1466,159,100
1467,107,102
1468,86,102
1469,100,103
1470,75,102
1471,112,102
1472,111,102
1473,120,104
1474,83,104
1475,99,103
1476,101,103
1477,80,103
1478,107,104
1479,160,107
1480,82,107
1481,96,106
1482,102,107
1483,126,109
1484,96,108
1485,86,105
1486,83,103
1487,104,103
1488,89,103
1489,103,103
1490,126,104
1491,104,102
1492,116,102
1493,112,103
1494,111,103
1495,77,103
1496,123,104
1497,102,104
1498,92,102
1499,103,103
1500,110,104
1501,84,103
1502,112,104
1503,102,104
1504,105,102
1505,98,102
1506,86,102
1507,90,102
1508,81,100
1509,92,100
1510,103,100
1511,120,102
1512,119,102
1513,85,102
1514,76,101
1515,104,100
1516,90,100
1517,99,99
1518,84,98
1519,117,98
1520,149,101
1521,124,101
1522,99,101
1523,102,101
1524,86,101
1525,149,102
1526,95,103
1527,116,103
1528,125,104
1529,88,103
1530,106,103
1531,87,103
1532,130,105
1533,115,106
1534,90,106
1535,115,107
1536,86,105
1537,142,106
1538,99,107
1539,107,108
1540,103,108
1541,88,108
1542,96,108
1543,99,109
1544,109,108
1545,92,106
1546,119,106
1547,133,107
1548,96,107
1549,100,107
1550,120,106
1551,70,105
1552,77,104
1553,79,102
1554,87,102
1555,117,102
1556,72,102
1557,74,99
1558,80,98
1559,72,97
1560,79,96
1561,83,96
1562,107,94
1563,70,93
1564,79,92
1565,87,91
1566,77,91
1567,86,91
1568,74,90
1569,110,90
1570,96,90
1571,107,89
1572,157,90
1573,104,91
1574,65,89
1575,85,88
1576,75,88
1577,113,89
1578,70,89
1579,85,89
1580,87,88
1581,77,88
1582,121,90
1583,83,90
1584,98,91
1585,73,91
1586,75,90
1587,74,89
1588,67,89
1589,72,89
1590,77,88
1591,71,88
1592,76,88
1593,77,88
1594,102,87
1595,122,89
1596,69,87
1597,81,84
1598,81,83
1599,74,83
1600,90,84
1601,97,84
1602,50,82
1603,69,82
1604,95,82
1605,79,82
1606,66,82
1607,85,80
1608,93,81
1609,86,80
1610,72,80
1611,72,80
1612,77,80
1613,87,81
1614,46,80
1615,63,79
1616,69,79
1617,76,79
1618,94,80
1619,71,79
1620,65,76
1621,97,77
1622,87,78
1623,67,77
1624,92,78
1625,81,77
1626,79,77
1627,121,80
1628,97,81
1629,92,81
1630,93,81
1631,77,82
1632,70,81
1633,61,80
1634,69,79
1635,51,78
1636,55,77
1637,61,77
1638,86,77
1639,67,78
1640,54,77
1641,77,78
1642,88,78
1643,72,77
1644,54,77
1645,63,76
1646,83,76
1647,74,75
1648,47,75
1649,60,73
1650,90,74
1651,64,73
1652,72,71
1653,64,70
1654,68,69
1655,75,68
1656,68,68
1657,87,68
1658,75,69
1659,51,68
1660,130,71
1661,93,73
1662,85,74
1663,67,73
1664,95,74
1665,55,74
1666,88,75
1667,83,75
1668,66,74
1669,64,75
1670,48,74
1671,52,73
1672,57,72
1673,43,72
1674,64,72
1675,64,71
1676,97,72
1677,56,72
1678,74,72
1679,67,72
1680,64,72
1681,53,71
1682,67,70
1683,44,69
1684,69,70
1685,56,67
1686,67,66
1687,90,66
1688,81,67
1689,59,65
1690,83,66
1691,51,65
1692,55,64
1693,71,64
1694,70,64
1695,93,66
1696,51,66
1697,55,66
1698,60,66
1699,60,66
1700,56,66
1701,93,66
1702,52,66
1703,106,67
1704,61,67
1705,75,67
1706,69,68
1707,95,69
1708,58,69
1709,81,70
1710,61,70
1711,91,71
1712,64,70
1713,72,70
1714,81,71
1715,60,70
1716,62,70
1717,102,72
1718,76,72
1719,77,72
1720,79,72
1721,56,72
1722,61,72
1723,81,73
1724,89,74
1725,65,75
1726,105,75
1727,76,76
1728,73,75
1729,82,76
1730,81,76
1731,50,75
1732,65,74
1733,64,74
1734,83,74
1735,71,75
1736,86,74
1737,67,75
1738,88,75
1739,100,76
1740,80,77
1741,82,78
1742,82,77
1743,70,77
1744,104,78
1745,85,78
1746,75,79
1747,96,80
1748,77,80
1749,91,80
1750,73,80
1751,74,79
1752,94,80
1753,77,80
1754,104,81
1755,75,81
1756,80,82
1757,111,84
1758,79,84
1759,71,84
1760,90,84
1761,88,85
1762,76,85
1763,93,85
1764,63,84
1765,110,85
1766,115,86
1767,93,87
1768,96,88
1769,90,87
1770,114,88
1771,89,89
1772,72,88
1773,113,89
1774,81,89
1775,106,90
1776,101,91
1777,80,91
1778,83,91
1779,73,90
1780,75,90
1781,91,90
1782,87,89
1783,95,90
1784,96,91
1785,113,92
1786,75,91
1787,73,91
1788,100,91
1789,78,92
1790,88,91
1791,86,90
1792,94,90
1793,90,90
1794,90,90
1795,128,90
1796,99,91
1797,101,92
1798,90,91
1799,106,92
1800,77,91
1801,94,90
1802,87,91
1803,77,91
1804,81,91
1805,135,93
1806,86,93
1807,78,93
1808,93,93
1809,81,92
1810,155,94
1811,69,93
1812,78,94
1813,78,93
1814,111,94
1815,82,94
1816,98,94
1817,83,94
1818,97,94
1819,104,95
1820,117,94
1821,86,94
1822,78,93
1823,77,92
1824,78,91
1825,114,93
1826,98,93
1827,95,93
1828,84,93
1829,75,93
1830,117,92
1831,91,93
1832,79,93
1833,86,92
1834,109,94
1835,77,90
1836,84,91
1837,87,91
1838,85,92
1839,92,91
1840,91,91
1841,160,94
1842,80,94
1843,87,93
1844,72,92
1845,101,91
1846,77,91
1847,110,92
1848,77,92
1849,88,93
1850,74,91
1851,106,91
1852,103,92
1853,99,92
1854,97,93
1855,93,92
1856,89,92
1857,100,93
1858,111,94
1859,81,93
1860,92,93
1861,74,93
1862,75,93
1863,115,94
1864,88,94
1865,68,93
1866,109,91
1867,93,91
1868,98,92
1869,67,91
1870,82,91
1871,86,91
1872,66,89
1873,79,89
1874,60,88
1875,77,88
1876,83,87
1877,57,86
1878,72,84
1879,79,84
1880,103,84
1881,93,84
1882,91,84
1883,142,85
1884,95,86
1885,78,85
1886,137,88
1887,77,88
1888,110,88
1889,71,87
1890,74,87
1891,83,86
1892,85,86
1893,110,86
1894,101,88
1895,86,88
1896,78,87
1897,89,88
1898,97,89
1899,80,90
1900,80,90
1901,80,90
1902,71,90
1903,76,91
1904,124,92
1905,64,91
1906,137,93
1907,74,92
1908,72,89
1909,68,88
1910,95,89
1911,76,86
1912,76,86
1913,71,85
1914,86,85
1915,83,86
1916,73,85
1917,77,85
1918,65,83
1919,90,83
1920,82,83
1921,72,82
1922,136,84
1923,83,84
1924,135,86
1925,71,85
1926,63,85
1927,74,85
1928,73,85
1929,87,83
1930,73,84
1931,90,82
1932,69,82
1933,47,81
1934,99,82
1935,77,81
1936,94,82
1937,55,81
1938,87,82
1939,83,82
1940,80,81
1941,57,81
1942,109,82
1943,70,82
1944,52,81
1945,87,81
1946,96,82
1947,125,81
1948,91,82
1949,101,80
1950,86,81
1951,58,81
1952,86,81
1953,57,81
1954,91,81
1955,77,81
1956,61,80
1957,90,81
1958,88,82
1959,73,81
1960,60,81
1961,66,79
1962,87,81
1963,70,80
1964,78,80
1965,73,80
1966,79,80
1967,64,79
1968,77,79
1969,96,81
1970,138,83
1971,46,81
1972,75,79
1973,48,77
1974,94,77
1975,141,79
1976,71,79
1977,64,79
1978,66,79
1979,89,79
1980,74,79
1981,63,79
1982,67,78
1983,98,78
1984,126,80
1985,96,82
1986,54,81
1987,48,80
1988,91,81
1989,76,81
1990,74,81
1991,73,80
1992,70,81
1993,129,83
1994,92,83
1995,80,80
1996,45,80
1997,81,80
1998,67,81
1999,57,80
2000,88,78
2001,0,75
2002,80,75
2003,90,76
2004,62,75
2005,102,76
2006,67,77
2007,77,77
2008,69,76
2009,86,74
2010,77,73
2011,80,74
2012,93,76
2013,90,76
2014,55,75
2015,100,76
2016,60,76
2017,81,76
2018,120,76
2019,71,75
2020,76,75
2021,86,77
2022,73,76
2023,78,77
2024,61,77
2025,75,76
2026,76,79
2027,66,79
2028,65,78
2029,72,78
2030,109,79
2031,86,79
2032,74,79
2033,107,81
2034,60,80
2035,52,79
2036,98,79
2037,73,79
2038,82,78
2039,86,79
2040,103,80
2041,86,81
2042,142,83
2043,68,81
2044,74,81
2045,83,81
2046,93,82
2047,94,83
2048,72,82
2049,62,82
2050,59,82
2051,88,82
2052,103,84
2053,66,84
2054,82,84
2055,84,83
2056,83,83
2057,70,83
2058,106,83
2059,67,83
2060,120,86
2061,94,86
2062,68,85
2063,87,86
2064,90,86
2065,76,85
2066,96,85
2067,68,82
2068,84,83
2069,74,83
2070,91,83
2071,107,84
2072,81,83
2073,73,83
2074,104,85
2075,150,88
2076,79,88
2077,108,88
2078,76,89
2079,80,89
2080,72,88
2081,82,88
2082,86,89
2083,75,88
2084,86,88
2085,104,88
2086,104,88
2087,90,89
2088,110,90
2089,106,90
2090,74,90
2091,66,89
2092,77,90
2093,91,90
2094,71,90
2095,78,89
2096,97,89
2097,85,89
2098,98,90
2099,93,90
2100,73,86
2101,154,89
2102,65,88
2103,94,88
2104,77,88
2105,67,88
2106,91,88
2107,134,90
2108,91,91
2109,98,92
2110,100,91
2111,62,90
2112,103,90
2113,84,89
2114,83,88
2115,79,88
2116,84,89
2117,84,89
2118,76,89
2119,102,90
2120,78,90
2121,73,89
2122,85,89
2123,99,89
2124,107,90
2125,67,89
2126,73,86
2127,75,87
2128,70,86
2129,88,86
2130,94,87
2131,87,87
2132,78,85
2133,88,85
2134,89,84
2135,102,84
2136,99,86
2137,74,85
2138,58,84
2139,81,84
2140,96,84
2141,88,84
2142,83,84
2143,79,85
2144,89,84
2145,94,85
2146,96,86
2147,90,86
2148,94,86
2149,70,84
2150,55,84
2151,77,84
2152,71,84
2153,64,83
2154,112,84
2155,73,83
2156,76,83
2157,77,83
2158,107,84
2159,75,83
2160,65,82
2161,68,80
2162,84,81
2163,81,82
2164,82,82
2165,75,81
2166,80,81
2167,78,80
2168,103,81
2169,104,82
2170,84,82
2171,83,81
2172,67,80
2173,98,80
2174,86,81
2175,102,83
2176,58,82
2177,67,82
2178,69,82
2179,64,80
2180,100,81
2181,102,82
2182,116,84
2183,92,83
2184,79,83
2185,82,84
2186,63,84
2187,67,83
2188,93,84
2189,72,83
2190,75,83
2191,84,84
2192,87,84
2193,92,83
2194,101,83
2195,143,86
2196,95,86
2197,79,87
2198,103,87
2199,75,86
2200,72,85
2201,88,86
2202,58,86
2203,78,86
2204,78,87
2205,54,85
2206,58,83
2207,64,81
2208,75,81
2209,80,81
2210,97,81
2211,68,81
2212,56,81
2213,110,82
2214,89,82
2215,56,82
2216,82,82
2217,142,84
2218,110,84
2219,79,84
2220,142,84
2221,78,83
2222,86,83
2223,59,81
2224,85,82
2225,72,82
2226,74,81
2227,62,81
2228,62,81
2229,132,83
2230,63,83
2231,56,83
2232,74,84
2233,97,84
2234,59,84
2235,95,84
2236,71,84
2237,57,84
2238,79,82
2239,68,82
2240,94,83
2241,67,83
2242,74,80
2243,98,79
2244,79,79
2245,72,77
2246,83,77
2247,49,75
2248,94,77
2249,91,77
2250,107,78
2251,77,78
2252,76,79
2253,64,79
2254,75,77
2255,60,77
2256,80,78
2257,105,79
2258,71,78
2259,76,78
2260,92,78
2261,81,79
2262,75,79
2263,54,78
2264,104,80
2265,82,79
2266,82,80
2267,73,80
2268,73,79
2269,77,79
2270,75,79
2271,67,78
2272,65,79
2273,64,78
2274,66,77
2275,62,75
2276,92,76
2277,78,76
2278,72,76
2279,91,77
2280,88,78
2281,74,78
2282,64,76
2283,83,76
2284,78,76
2285,69,76
2286,71,75
2287,74,75
2288,56,75
2289,93,75
2290,86,75
2291,71,74
2292,61,74
2293,63,74
2294,60,73
2295,76,73
2296,56,73
2297,76,73
2298,72,73
2299,67,73
2300,77,74
2301,52,72
2302,94,73
2303,102,74
2304,81,74
2305,85,74
2306,85,74
2307,129,77
2308,62,76
2309,59,75
2310,57,75
2311,97,76
2312,93,76
2313,82,77
2314,103,78
2315,106,79
2316,82,79
2317,84,80
2318,83,81
2319,71,81
2320,65,81
2321,78,82
2322,101,83
2323,136,85
2324,80,86
2325,85,86
2326,81,87
2327,104,88
2328,63,86
2329,101,87
2330,83,87
2331,80,87
2332,79,85
2333,59,84
2334,64,85
2335,74,85
2336,87,85
2337,69,84
2338,78,84
2339,100,84
2340,69,82
2341,83,82
2342,65,82
2343,81,81
2344,78,82
2345,90,83
2346,84,83
2347,78,82
2348,62,79
2349,80,79
2350,59,78
2351,70,78
2352,59,76
2353,83,77
2354,63,75
2355,144,78
2356,54,76
2357,90,77
2358,56,77
2359,84,78
2360,64,77
2361,64,76
2362,65,76
2363,66,76
2364,69,74
2365,58,74
2366,83,74
2367,84,75
2368,62,74
2369,70,74
2370,74,73
2371,93,73
2372,75,73
2373,117,75
2374,69,75
2375,66,75
2376,121,77
2377,65,78
2378,84,78
2379,0,75
2380,64,72
2381,64,72
2382,90,72
2383,73,73
2384,95,73
2385,76,74
2386,75,74
2387,74,75
2388,119,77
2389,110,78
2390,129,81
2391,83,81
2392,80,81
2393,82,82
2394,81,82
2395,78,83
2396,58,81
2397,100,82
2398,99,81
2399,75,82
2400,88,83
2401,88,81
2402,73,82
2403,68,81
2404,81,84
2405,67,84
2406,135,87
2407,99,87
2408,50,87
2409,70,86
2410,56,85
2411,70,85
2412,81,85
2413,70,83
2414,77,82
2415,80,80
2416,127,81
2417,117,83
2418,85,83
2419,92,83
2420,80,83
2421,105,85
2422,51,83
2423,79,83
2424,83,83
2425,87,83
2426,114,84
2427,88,84
2428,84,85
2429,71,85
2430,72,85
2431,71,82
2432,83,82
2433,75,83
2434,78,83
2435,94,85
2436,71,85
2437,104,86
2438,102,87
2439,86,87
2440,87,87
2441,63,85
2442,78,83
2443,88,83
2444,99,84
2445,102,85
2446,85,84
2447,79,85
2448,103,86
2449,143,88
2450,72,88
2451,80,86
2452,76,86
2453,75,85
2454,57,85
2455,82,85
2456,68,85
2457,65,84
2458,68,84
2459,84,84
2460,94,84
2461,81,85
2462,68,83
2463,76,82
2464,86,82
2465,90,82
2466,69,83
2467,93,83
2468,61,82
2469,105,82
2470,74,81
2471,75,81
2472,102,82
2473,113,82
2474,67,79
2475,87,80
2476,100,81
2477,79,81
2478,99,82
2479,77,83
2480,99,83
2481,88,84
2482,94,85
2483,67,85
2484,62,84
2485,87,84
2486,109,85
2487,61,85
2488,75,85
2489,80,85
2490,70,84
2491,67,84
2492,69,83
2493,55,82
2494,54,80
2495,104,82
2496,66,81
2497,69,80
2498,66,78
2499,78,78
2500,72,78
2501,93,78
2502,59,77
2503,107,77
2504,67,77
2505,71,76
2506,59,74
2507,64,73
2508,73,73
2509,100,75
2510,68,74
2511,78,73
2512,78,74
2513,82,74
2514,60,73
2515,96,74
2516,78,75
2517,63,74
2518,80,75
2519,97,77
2520,66,76
2521,62,75
2522,98,77
2523,139,80
2524,62,79
2525,71,79
2526,97,79
2527,68,79
2528,70,78
2529,82,78
2530,101,80
2531,82,81
2532,65,81
2533,66,80
2534,67,79
2535,59,79
2536,75,79
2537,59,78
2538,78,78
2539,53,77
2540,79,77
2541,82,77
2542,76,77
2543,74,77
2544,76,76
2545,76,77
2546,88,78
2547,79,77
2548,99,75
2549,86,76
2550,78,77
2551,69,75
2552,74,76
2553,109,77
2554,57,76
2555,70,75
2556,64,74
2557,93,75
2558,67,75
2559,78,76
2560,58,76
2561,74,76
2562,82,77
2563,80,77
2564,68,77
2565,74,77
2566,71,77
2567,92,77
2568,66,77
2569,70,77
2570,68,77
2571,75,76
2572,100,77
2573,70,76
2574,98,76
2575,60,75
2576,92,76
2577,75,76
2578,95,76
2579,70,76
2580,59,76
2581,81,77
2582,73,76
2583,79,76
2584,87,77
2585,76,77
2586,59,77
2587,78,77
2588,73,76
2589,62,76
2590,73,76
2591,64,76
2592,84,75
2593,73,76
2594,67,76
2595,94,77
2596,63,76
2597,89,76
2598,69,76
2599,100,76
2600,103,78
2601,74,77
2602,67,76
2603,53,75
2604,61,74
2605,91,76
2606,69,75
2607,58,75
2608,69,74
2609,78,74
2610,85,74
2611,85,75
2612,90,76
2613,76,76
2614,56,76
2615,65,75
2616,62,75
2617,81,75
2618,76,75
2619,93,76
2620,86,76
2621,103,78
2622,80,77
2623,134,80
2624,102,80
2625,81,79
2626,60,78
2627,97,80
2628,60,80
2629,83,81
2630,67,80
2631,78,80
2632,80,81
2633,108,83
2634,77,83
2635,59,82
2636,76,81
2637,69,80
2638,142,83
2639,72,84
2640,71,84
2641,70,84
2642,58,83
2643,100,84
2644,62,83
2645,79,83
2646,86,82
2647,93,83
2648,89,81
2649,89,80
2650,64,80
2651,62,80
2652,66,78
2653,56,78
2654,107,79
2655,62,79
2656,74,79
2657,64,78
2658,81,77
2659,93,78
2660,66,78
2661,57,77
2662,79,78
2663,87,75
2664,139,78
2665,113,80
2666,84,80
2667,59,80
2668,90,80
2669,81,81
2670,86,81
2671,79,81
2672,81,80
2673,66,79
2674,69,79
2675,69,79
2676,75,79
2677,77,80
2678,63,80
2679,118,80
2680,70,81
2681,108,82
2682,81,83
2683,89,83
2684,142,85
2685,79,86
2686,84,87
2687,80,87
2688,81,87
2689,49,83
2690,63,81
2691,73,80
2692,65,81
2693,74,80
2694,85,80
2695,101,81
2696,77,81
2697,78,81
2698,60,80
2699,68,80
2700,77,81
2701,82,81
2702,74,81
2703,61,81
2704,80,79
2705,67,79
2706,82,78
2707,56,77
2708,101,78
2709,56,74
2710,70,74
2711,83,74
2712,133,76
2713,65,75
2714,104,77
2715,104,79
2716,70,79
2717,93,80
2718,82,80
2719,102,81
2720,95,81
2721,83,81
2722,78,81
2723,58,81
2724,63,81
2725,76,81
2726,107,82
2727,70,82
2728,61,82
2729,67,81
2730,67,81
2731,84,81
2732,81,82
2733,78,81
2734,82,82
2735,71,82
2736,66,82
2737,102,80
2738,106,82
2739,85,81
2740,70,80
2741,90,81
2742,91,81
2743,61,80
2744,77,79
2745,81,78
2746,66,78
2747,77,77
2748,86,79
2749,79,79
2750,73,79
2751,67,78
2752,78,78
2753,81,79
2754,101,80
2755,58,80
2756,93,80
2757,73,80
2758,76,80
2759,80,80
2760,56,79
2761,76,79
2762,58,78
2763,80,77
2764,71,76
2765,104,77
2766,73,77
2767,80,76
2768,59,76
2769,89,77
2770,63,76
2771,99,77
2772,79,77
2773,89,77
2774,73,77
2775,78,77
2776,105,79
2777,83,79
2778,86,79
2779,79,78
2780,60,78
2781,86,78
2782,93,79
2783,81,79
2784,86,79
2785,64,80
2786,73,80
2787,65,80
2788,79,80
2789,103,81
2790,146,83
2791,86,83
2792,86,84
2793,82,85
2794,95,85
2795,76,85
2796,68,84
2797,93,85
2798,92,85
2799,96,86
2800,87,86
2801,61,84
2802,54,83
2803,96,83
2804,95,84
2805,105,86
2806,93,86
2807,101,87
2808,97,87
2809,106,88
2810,103,90
2811,75,90
2812,101,91
2813,74,91
2814,70,90
2815,66,86
2816,88,86
2817,89,87
2818,78,86
2819,81,86
2820,71,86
2821,80,86
2822,90,86
2823,80,85
2824,68,84
2825,94,85
2826,86,86
2827,67,86
2828,84,86
2829,52,84
2830,74,83
2831,97,83
2832,96,83
2833,101,83
2834,60,81
2835,71,80
2836,80,80
2837,82,79
2838,69,79
2839,78,79
2840,83,80
2841,61,79
2842,87,79
2843,95,79
2844,86,80
2845,76,80
2846,70,79
2847,82,79
2848,62,78
2849,95,80
2850,72,79
2851,77,78
2852,77,79
2853,90,79
2854,89,80
2855,109,82
2856,68,81
2857,82,80
2858,64,79
2859,84,80
2860,46,79
2861,127,80
2862,89,81
2863,101,82
2864,83,82
2865,91,83
2866,130,85
2867,112,86
2868,101,87
2869,56,85
2870,77,85
2871,83,86
2872,63,85
2873,79,86
2874,76,85
2875,66,85
2876,145,88
2877,87,88
2878,62,87
2879,54,85
2880,94,85
2881,107,86
2882,60,85
2883,103,87
2884,145,89
2885,72,91
2886,105,90
2887,80,89
2888,77,88
2889,86,88
2890,65,87
2891,55,84
2892,98,84
2893,67,82
2894,74,83
2895,97,84
2896,53,83
2897,79,83
2898,93,84
2899,96,85
2900,88,86
2901,99,84
2902,77,83
2903,142,87
2904,86,88
2905,58,86
2906,76,85
2907,77,86
2908,114,86
2909,69,83
2910,100,84
2911,58,83
2912,78,82
2913,98,83
2914,63,82
2915,134,85
2916,65,86
2917,98,86
2918,80,86
2919,83,86
2920,101,87
2921,71,87
2922,61,87
2923,64,85
2924,67,84
2925,76,84
2926,67,83
2927,72,82
2928,50,79
2929,78,78
2930,71,79
2931,62,78
2932,72,78
2933,66,76
2934,70,76
2935,58,75
2936,53,74
2937,94,75
2938,84,74
2939,82,75
2940,55,72
2941,97,73
2942,103,73
2943,105,74
2944,60,74
2945,86,73
2946,79,73
2947,92,75
2948,62,74
2949,73,75
2950,73,75
2951,74,75
2952,79,75
2953,83,76
2954,64,76
2955,80,76
2956,81,77
2957,44,76
2958,105,77
2959,66,77
2960,81,78
2961,74,79
2962,76,78
2963,72,78
2964,53,77
2965,73,77
2966,62,76
2967,81,75
2968,71,74
2969,82,75
2970,69,74
2971,81,74
2972,99,74
2973,91,75
2974,91,76
2975,69,76
2976,62,76
2977,70,75
2978,56,74
2979,78,75
2980,95,75
2981,58,74
2982,81,76
2983,78,75
2984,72,75
2985,83,75
2986,68,75
2987,0,72
2988,83,72
2989,66,73
2990,142,76
2991,67,76
2992,76,76
2993,88,76
2994,62,75
2995,81,76
2996,89,76
2997,77,75
2998,78,75
2999,81,74
3000,60,74
3001,83,75
3002,69,75
3003,103,77
3004,128,79
3005,91,79
3006,73,79
3007,84,79
3008,47,78
3009,95,79
3010,126,81
3011,67,81
3012,90,84
3013,83,84
3014,47,83
3015,68,81
3016,62,80
3017,73,80
3018,85,80
3019,65,80
3020,70,80
3021,64,79
3022,79,79
3023,72,79
3024,92,79
3025,64,79
3026,84,79
3027,69,79
3028,102,79
3029,82,77
3030,69,76
3031,58,76
3032,72,75
3033,106,78
3034,108,78
3035,94,77
3036,72,77
3037,67,76
3038,76,76
3039,94,78
3040,75,78
3041,75,79
3042,79,79
3043,60,78
3044,83,79
3045,75,79
3046,66,79
3047,55,78
3048,82,78
3049,72,78
3050,85,78
3051,112,80
3052,81,80
3053,146,82
3054,56,81
3055,80,81
3056,80,82
3057,79,82
3058,71,81
3059,79,80
3060,137,81
3061,114,83
3062,60,83
3063,138,85
3064,91,85
3065,52,84
3066,54,83
3067,76,83
3068,69,84
3069,100,84
3070,91,85
3071,69,85
3072,141,89
3073,63,88
3074,75,88
3075,90,88
3076,90,87
3077,142,90
3078,63,86
3079,69,87
3080,79,87
3081,0,84
3082,54,83
3083,79,83
3084,80,83
3085,102,82
3086,82,80
3087,69,81
3088,106,79
3089,69,79
3090,86,80
3091,97,82
3092,68,81
3093,54,81
3094,65,79
3095,53,78
3096,72,78
3097,75,75
3098,80,76
3099,64,76
3100,82,75
3101,75,75
3102,92,73
3103,94,74
3104,106,75
3105,68,75
3106,74,78
3107,73,79
3108,101,79
3109,80,79
3110,74,78
3111,76,78
3112,72,78
3113,69,77
3114,72,77
3115,101,77
3116,73,77
3117,87,77
3118,68,78
3119,139,81
3120,89,82
3121,58,82
3122,84,82
3123,86,82
3124,71,83
3125,80,82
3126,81,83
3127,68,82
3128,57,80
3129,78,79
3130,46,78
3131,62,78
3132,77,78
3133,82,77
3134,96,78
3135,86,78
3136,76,78
3137,88,79
3138,47,78
3139,76,78
3140,67,77
3141,58,76
3142,82,76
3143,69,76
3144,73,73
3145,57,72
3146,72,73
3147,71,72
3148,85,72
3149,75,72
3150,70,72
3151,101,73
3152,57,72
3153,85,73
3154,95,74
3155,67,75
3156,76,76
3157,75,75
3158,60,75
3159,78,74
3160,70,73
3161,95,74
3162,75,73
3163,53,74
3164,57,73
3165,63,73
3166,63,73
3167,79,73
3168,76,73
3169,101,74
3170,59,74
3171,78,75
3172,93,75
3173,83,75
3174,92,76
3175,75,76
3176,72,75
3177,68,76
3178,88,76
3179,59,74
3180,84,75
3181,76,75
3182,91,76
3183,74,76
3184,97,77
3185,58,76
3186,53,75
3187,80,75
3188,99,77
3189,89,78
3190,83,79
3191,100,80
3192,122,82
3193,57,81
3194,59,80
3195,80,80
3196,87,81
3197,72,80
3198,80,80
3199,87,80
3200,75,80
3201,111,81
3202,78,82
3203,77,81
3204,74,82
3205,77,81
3206,72,81
3207,90,81
3208,66,81
3209,92,81
3210,134,84
3211,91,85
3212,79,85
3213,62,84
3214,78,83
3215,81,83
3216,127,84
3217,63,82
3218,66,82
3219,91,84
3220,46,82
3221,60,81
3222,93,82
3223,70,82
3224,72,81
3225,58,80
3226,77,79
3227,57,78
3228,59,77
3229,98,78
3230,101,79
3231,89,80
3232,65,79
3233,98,80
3234,89,80
3235,72,78
3236,92,78
3237,78,78
3238,87,79
3239,76,79
3240,70,78
3241,64,76
3242,64,76
3243,97,77
3244,95,77
3245,79,78
3246,70,79
3247,71,78
3248,74,78
3249,142,81
3250,97,82
3251,95,83
3252,57,83
3253,94,85
3254,69,83
3255,75,82
3256,91,82
3257,99,84
3258,78,83
3259,118,84
3260,91,85
3261,79,84
3262,76,84
3263,55,83
3264,73,83
3265,91,84
3266,77,84
3267,63,84
3268,101,84
3269,79,84
3270,94,84
3271,83,85
3272,73,85
3273,42,84
3274,88,82
3275,81,81
3276,92,81
3277,56,81
3278,83,80
3279,71,80
3280,82,81
3281,71,80
3282,78,79
3283,78,79
3284,55,76
3285,42,75
3286,94,75
3287,74,75
3288,99,77
3289,61,76
3290,63,75
3291,69,75
3292,80,76
3293,84,75
3294,62,74
3295,97,74
3296,66,74
3297,101,75
3298,56,75
3299,73,75
3300,73,74
3301,81,74
3302,74,75
3303,104,76
3304,74,76
3305,73,75
3306,82,76
3307,87,76
3308,75,76
3309,87,77
3310,77,79
3311,139,80
3312,56,80
3313,62,78
3314,61,78
3315,99,80
3316,84,80
3317,55,79
3318,77,79
3319,91,80
3320,74,79
3321,89,80
3322,93,80
3323,97,81
3324,135,84
3325,80,84
3326,93,85
3327,50,84
3328,87,83
3329,64,83
3330,67,82
3331,0,79
3332,71,79
3333,84,79
3334,63,78
3335,92,79
3336,135,78
3337,78,79
3338,61,79
3339,100,81
3340,71,80
3341,88,80
3342,136,83
3343,69,83
3344,67,82
3345,89,82
3346,47,81
3347,90,81
3348,81,80
3349,67,77
3350,101,78
3351,0,74
3352,66,75
3353,77,75
3354,68,75
3355,77,75
3356,67,78
3357,62,77
3358,78,77
3359,85,78
3360,61,77
3361,53,74
3362,63,73
3363,92,74
3364,66,73
3365,83,73
3366,64,72
3367,80,70
3368,62,70
3369,71,70
3370,58,69
3371,97,71
3372,95,71
3373,60,70
3374,68,70
3375,65,69
3376,70,72
3377,57,71
3378,64,71
3379,71,71
3380,71,71
3381,77,71
3382,55,71
3383,111,72
3384,88,72
3385,92,73
3386,93,75
3387,71,75
3388,134,77
3389,99,78
3390,51,77
3391,65,77
3392,54,76
3393,89,77
3394,98,78
3395,80,79
3396,81,78
3397,71,77
3398,70,78
3399,58,77
3400,108,79
3401,76,79
3402,50,79
3403,74,79
3404,76,80
3405,60,79
3406,88,80
3407,75,80
3408,54,78
3409,62,77
3410,79,77
3411,97,77
3412,56,76
3413,54,73
3414,79,72
3415,55,72
3416,75,73
3417,67,73
3418,58,72
3419,62,71
3420,82,71
3421,55,70
3422,72,70
3423,76,70
3424,55,70
3425,134,71
3426,130,73
3427,90,75
3428,82,75
3429,72,75
3430,92,76
3431,66,75
3432,90,76
3433,60,76
3434,137,79
3435,79,79
3436,91,79
3437,81,80
3438,91,81
3439,81,81
3440,81,82
3441,79,83
3442,60,82
3443,58,82
3444,65,82
3445,81,82
3446,138,86
3447,62,85
3448,127,87
3449,56,87
3450,80,85
3451,69,83
3452,73,82
3453,72,82
3454,88,82
3455,68,81
3456,86,82
3457,82,82
3458,84,83
3459,90,81
3460,83,81
3461,98,81
3462,98,82
3463,96,82
3464,76,82
3465,72,82
3466,85,82
3467,106,84
3468,147,87
3469,77,88
3470,75,88
3471,59,84
3472,88,85
3473,129,85
3474,76,86
3475,67,86
3476,72,86
3477,77,86
3478,65,86
3479,88,86
3480,72,86
3481,73,85
3482,86,86
3483,62,85
3484,75,84
3485,65,83
3486,76,82
3487,57,81
3488,100,81
3489,77,81
3490,82,81
3491,64,81
3492,81,80
3493,90,77
3494,90,78
3495,82,78
3496,72,79
3497,60,78
3498,78,75
3499,125,77
3500,69,78
3501,62,77
3502,117,79
3503,82,79
3504,52,78
3505,93,79
3506,82,79
3507,59,78
3508,73,79
3509,100,80
3510,58,79
3511,99,80
3512,48,80
3513,78,79
3514,82,79
3515,81,79
3516,77,80
3517,77,79
3518,102,80
3519,75,79
3520,92,80
3521,103,81
3522,85,82
3523,72,82
3524,82,80
3525,101,81
3526,90,82
3527,100,82
3528,73,81
3529,91,83
3530,65,82
3531,64,81
3532,93,82
3533,64,82
3534,79,81
3535,51,81
3536,59,79
3537,76,80
3538,89,81
3539,80,81
3540,75,81
3541,63,80
3542,62,79
3543,94,79
3544,79,79
3545,57,78
3546,73,77
3547,76,76
3548,83,77
3549,55,76
3550,72,75
3551,85,74
3552,48,72
3553,0,69
3554,77,69
3555,108,70
3556,73,71
3557,31,68
3558,138,71
3559,79,71
3560,127,74
3561,89,76
3562,66,75
3563,68,74
3564,104,75
3565,104,76
3566,60,76
3567,63,76
3568,52,75
3569,73,74
3570,48,74
3571,62,74
3572,93,74
3573,93,75
3574,69,75
3575,66,75
3576,89,75
3577,61,76
3578,68,78
3579,67,78
3580,47,76
3581,77,76
3582,70,77
3583,84,75
3584,85,75
3585,66,73
3586,73,72
3587,96,74
3588,64,73
3589,83,73
3590,133,74
3591,74,74
3592,73,75
3593,73,75
3594,51,75
3595,75,76
3596,87,77
3597,112,77
3598,48,76
3599,111,77
3600,73,78
3601,83,77
3602,93,79
3603,65,79
3604,70,79
3605,65,79
3606,81,80
3607,83,80
3608,136,82
3609,104,83
3610,74,83
3611,104,84
3612,65,83
3613,81,84
3614,66,83
3615,56,80
3616,59,80
3617,59,79
3618,82,79
3619,100,81
3620,136,84
3621,54,82
3622,62,80
3623,74,81
3624,81,80
3625,107,82
3626,74,81
3627,77,81
3628,62,80
3629,77,81
3630,59,81
3631,80,80
3632,76,80
3633,84,78
3634,59,76
3635,49,75
3636,78,74
3637,77,75
3638,63,74
3639,100,75
3640,138,79
3641,84,80
3642,63,80
3643,58,79
3644,73,78
3645,70,75
3646,77,76
3647,76,77
3648,75,77
3649,68,76
3650,53,74
3651,95,75
3652,56,74
3653,67,74
3654,84,74
3655,80,75
3656,72,75
3657,107,76
3658,81,76
3659,45,76
3660,73,77
3661,142,79
3662,61,78
3663,72,79
3664,65,77
3665,65,74
3666,82,74
3667,56,74
3668,71,75
3669,55,74
3670,53,73
3671,64,73
3672,69,72
3673,57,72
3674,66,72
3675,66,72
3676,71,71
3677,84,72
3678,72,73
3679,92,73
3680,68,72
3681,65,72
3682,64,70
3683,93,71
3684,95,73
3685,78,73
3686,71,70
3687,70,71
3688,76,71
3689,93,72
3690,74,72
3691,66,72
3692,94,73
3693,83,74
3694,83,75
3695,60,75
3696,94,76
3697,67,76
3698,87,77
3699,131,80
3700,73,80
3701,63,80
3702,70,79
3703,104,81
3704,82,80
3705,108,82
3706,56,81
3707,94,83
3708,93,83
3709,100,83
3710,108,84
3711,73,84
3712,122,86
3713,72,86
3714,74,85
3715,100,86
3716,136,89
3717,67,88
3718,74,88
3719,73,87
3720,87,88
3721,98,88
3722,62,88
3723,74,88
3724,119,87
3725,63,87
3726,86,88
3727,88,89
3728,76,87
3729,61,87
3730,99,86
3731,95,88
3732,87,87
3733,76,87
3734,60,85
3735,95,85
3736,60,84
3737,69,82
3738,63,82
3739,64,81
3740,65,80
3741,76,77
3742,122,80
3743,57,79
3744,81,79
3745,78,79
3746,137,81
3747,64,81
3748,58,80
3749,46,77
3750,53,77
3751,76,76
3752,93,76
3753,62,76
3754,62,76
3755,89,76
3756,67,74
3757,76,74
3758,94,75
3759,57,75
3760,71,74
3761,94,75
3762,82,75
3763,98,77
3764,56,77
3765,99,78
3766,121,80
3767,91,78
3768,83,80
3769,69,79
3770,79,79
3771,61,76
3772,56,76
3773,75,76
3774,88,78
3775,99,80
3776,57,79
3777,83,79
3778,52,78
3779,91,80
3780,74,79
3781,99,80
3782,94,81
3783,72,80
3784,85,81
3785,95,82
3786,99,82
3787,63,82
3788,106,82
3789,63,82
3790,58,81
3791,64,78
3792,57,77
3793,79,77
3794,58,76
3795,54,75
3796,91,76
3797,65,77
3798,78,77
3799,95,77
3800,64,76
3801,55,76
3802,77,76
3803,71,76
3804,84,76
3805,119,78
3806,77,77
3807,94,77
3808,54,76
3809,64,75
3810,70,74
3811,87,74
3812,102,75
3813,71,74
3814,93,75
3815,71,76
3816,55,75
3817,66,76
3818,93,76
3819,99,78
3820,99,80
3821,76,79
3822,67,79
3823,58,78
3824,87,78
3825,46,77
3826,80,78
3827,88,79
3828,76,79
3829,51,78
3830,75,76
3831,71,76
3832,72,75
3833,86,76
3834,105,78
3835,57,77
3836,56,76
3837,67,75
3838,69,75
3839,90,74
3840,131,77
3841,50,77
3842,143,80
3843,0,76
3844,137,77
3845,92,77
3846,71,77
3847,48,76
3848,55,76
3849,74,76
3850,84,77
3851,96,78
3852,92,78
3853,78,78
3854,70,79
3855,46,78
3856,73,78
3857,72,78
3858,62,77
3859,76,76
3860,72,76
3861,66,77
3862,72,77
3863,87,77
3864,84,77
3865,55,74
3866,65,75
3867,63,72
3868,79,75
3869,61,72
3870,72,71
3871,64,71
3872,85,72
3873,89,73
3874,87,74
3875,79,74
3876,109,74
3877,76,74
3878,84,74
3879,133,76
3880,134,80
3881,62,80
3882,62,79
3883,65,79
3884,66,79
3885,111,80
3886,56,80
3887,139,83
3888,59,82
3889,54,80
3890,83,81
3891,136,84
3892,70,85
3893,74,84
3894,88,85
3895,89,86
3896,71,86
3897,92,87
3898,57,85
3899,136,87
3900,94,88
3901,87,87
3902,55,86
3903,55,85
3904,71,83
3905,70,80
3906,119,82
3907,75,83
3908,103,84
3909,65,84
3910,63,82
3911,89,84
3912,91,82
3913,90,83
3914,75,84
3915,62,83
3916,76,81
3917,72,81
3918,68,81
3919,72,80
3920,60,79
3921,63,78
3922,87,78
3923,75,79
3924,55,76
3925,74,75
3926,104,76
3927,100,77
3928,87,79
3929,59,78
3930,63,78
3931,72,76
3932,70,76
3933,79,75
3934,91,76
3935,73,76
3936,75,76
3937,63,75
3938,72,74
3939,89,74
3940,91,76
3941,62,75
3942,67,75
3943,78,75
3944,97,76
3945,74,77
3946,73,77
3947,86,77
3948,60,77
3949,74,77
3950,92,78
3951,92,78
3952,70,76
3953,79,76
3954,80,77
3955,110,79
3956,107,80
3957,87,81
3958,54,80
3959,103,80
3960,63,80
3961,93,81
3962,88,82
3963,69,82
3964,76,81
3965,62,80
3966,77,80
3967,59,80
3968,93,81
3969,69,80
3970,92,80
3971,57,80
3972,78,79
3973,76,80
3974,94,81
3975,132,82
3976,59,81
3977,68,81
3978,62,80
3979,90,81
3980,50,78
3981,71,77
3982,67,76
3983,88,77
3984,75,76
3985,88,77
3986,78,77
3987,132,78
3988,64,78
3989,70,78
3990,67,78
3991,65,78
3992,76,78
3993,84,78
3994,55,78
3995,95,78
3996,76,78
3997,133,81
3998,90,81
3999,70,80
4000,71,78
4001,107,80
4002,108,81
4003,66,81
4004,70,81
4005,89,82
4006,66,82
4007,74,82
4008,91,82
4009,68,82
4010,65,81
4011,89,82
4012,60,79
4013,79,79
4014,74,80
4015,96,81
4016,88,82
4017,78,82
4018,76,81
4019,99,83
4020,67,82
4021,56,81
4022,71,79
4023,71,78
4024,89,79
4025,81,79
4026,57,77
4027,86,76
4028,84,77
4029,72,77
4030,81,77
4031,76,77
4032,93,78
4033,60,77
4034,75,77
4035,95,78
4036,83,78
4037,70,78
4038,72,78
4039,71,78
4040,104,78
4041,74,78
4042,68,77
4043,79,77
4044,60,76
4045,101,77
4046,62,77
4047,67,77
4048,63,77
4049,79,77
4050,65,76
4051,71,76
4052,70,76
4053,80,76
4054,80,76
4055,93,76
4056,56,76
4057,82,75
4058,99,77
4059,58,76
4060,68,75
4061,75,75
4062,88,75
4063,59,75
4064,73,75
4065,54,73
4066,96,74
4067,87,75
4068,94,75
4069,60,75
4070,77,74
4071,72,75
4072,74,75
4073,99,76
4074,62,76
4075,127,78
4076,93,79
4077,101,80
4078,58,79
4079,61,79
4080,94,79
4081,79,80
4082,69,79
4083,58,77
4084,76,78
4085,73,78
4086,71,78
4087,136,80
4088,75,81
4089,63,80
4090,52,80
4091,68,79
4092,85,79
4093,56,78
4094,57,77
4095,95,78
4096,61,78
4097,116,79
4098,82,79
4099,49,78
4100,77,76
4101,66,75
4102,76,74
4103,73,75
4104,77,75
4105,98,76
4106,94,76
4107,56,76
4108,90,77
4109,82,77
4110,77,77
4111,55,77
4112,99,75
4113,64,75
4114,47,74
4115,61,74
4116,54,74
4117,117,75
4118,74,76
4119,73,77
4120,89,76
4121,92,78
4122,66,76
4123,72,75
4124,60,76
4125,68,75
4126,55,75
4127,50,74
4128,58,73
4129,106,74
4130,88,74
4131,102,74
4132,61,74
4133,64,73
4134,44,72
4135,98,73
4136,94,74
4137,97,74
4138,68,74
4139,70,75
4140,85,76
4141,82,77
4142,59,75
4143,65,75
4144,78,75
4145,98,75
4146,67,74
4147,49,74
4148,64,73
4149,94,75
4150,67,75
4151,74,75
4152,106,78
4153,60,78
4154,73,76
4155,81,76
4156,75,75
4157,68,75
4158,73,76
4159,53,76
4160,70,75
4161,66,74
4162,71,73
4163,67,73
4164,58,72
4165,107,73
4166,90,73
4167,94,75
4168,70,75
4169,63,74
4170,94,74
4171,62,74
4172,79,75
4173,78,76
4174,69,75
4175,69,75
4176,80,75
4177,96,75
4178,74,75
4179,76,75
4180,134,77
4181,56,77
4182,64,77
4183,64,76
4184,52,76
4185,55,76
4186,60,75
4187,132,78
4188,60,77
4189,77,78
4190,87,77
4191,65,76
4192,80,76
4193,93,77
4194,82,78
4195,98,78
4196,71,78
4197,74,78
4198,70,78
4199,73,78
4200,99,79
4201,94,79
4202,76,79
4203,64,78
4204,76,78
4205,71,76
4206,70,76
4207,55,76
4208,54,76
4209,72,76
4210,137,80
4211,110,82
4212,72,79
4213,92,80
4214,72,80
4215,123,82
4216,71,82
4217,74,82
4218,86,81
4219,78,81
4220,88,81
4221,101,82
4222,61,82
4223,58,81
4224,59,81
4225,96,80
4226,83,80
4227,88,80
4228,72,81
4229,59,80
4230,78,80
4231,72,80
4232,100,82
4233,58,82
4234,71,82
4235,93,81
4236,68,79
4237,64,79
4238,68,78
4239,74,78
4240,76,76
4241,83,76
4242,74,76
4243,62,75
4244,57,75
4245,95,75
4246,119,76
4247,87,77
4248,142,80
4249,67,80
4250,66,79
4251,76,79
4252,67,78
4253,58,77
4254,69,78
4255,70,77
4256,81,78
4257,75,77
4258,54,77
4259,52,76
4260,72,75
4261,76,75
4262,92,76
4263,60,76
4264,130,78
4265,65,78
4266,80,78
4267,70,78
4268,67,78
4269,72,78
4270,70,77
4271,71,76
4272,138,78
4273,69,75
4274,59,74
4275,93,75
4276,95,76
4277,68,76
4278,80,77
4279,64,77
4280,49,76
4281,59,75
4282,63,75
4283,52,75
4284,74,76
4285,66,75
4286,63,75
4287,70,74
4288,74,74
4289,88,73
4290,125,75
4291,60,74
4292,50,74
4293,97,75
4294,52,74
4295,71,74
4296,73,74
4297,87,72
4298,86,73
4299,60,73
4300,98,73
4301,53,71
4302,96,72
4303,47,71
4304,60,71
4305,82,72
4306,71,73
4307,95,74
4308,67,75
4309,74,75
4310,75,75
4311,96,76
4312,67,76
4313,86,77
4314,90,77
4315,62,74
4316,71,75
4317,139,78
4318,86,78
4319,67,78
4320,65,78
4321,104,79
4322,84,79
4323,55,78
4324,85,79
4325,85,78
4326,75,79
4327,69,78
4328,53,79
4329,62,79
4330,81,79
4331,72,79
4332,103,79
4333,58,79
4334,92,79
4335,68,79
4336,91,79
4337,79,79
4338,124,81
4339,50,79
4340,94,80
4341,94,81
4342,68,79
4343,94,79
4344,78,79
4345,79,80
4346,60,78
4347,54,77
4348,91,78
4349,95,79
4350,89,79
4351,137,81
4352,76,82
4353,92,83
4354,67,83
4355,48,82
4356,64,82
4357,107,82
4358,73,83
4359,81,82
4360,64,82
4361,63,81
4362,74,81
4363,77,79
4364,89,80
4365,102,81
4366,90,80
4367,98,82
4368,92,82
4369,63,81
4370,94,82
4371,75,82
4372,52,82
4373,68,81
4374,51,79
4375,79,79
4376,86,77
4377,64,77
4378,84,76
4379,76,77
4380,51,77
4381,89,78
4382,81,77
4383,74,77
4384,56,76
4385,64,76
4386,81,76
4387,76,76
4388,90,77
4389,77,77
4390,70,75
4391,76,75
4392,55,73
4393,59,72
4394,66,72
4395,70,71
4396,93,72
4397,121,74
4398,76,75
4399,62,75
4400,56,74
4401,95,74
4402,141,78
4403,88,78
4404,68,77
4405,78,78
4406,64,77
4407,72,77
4408,48,76
4409,123,79
4410,68,79
4411,63,78
4412,75,78
4413,57,77
4414,89,77
4415,78,78
4416,54,77
4417,96,78
4418,61,78
4419,64,78
4420,48,78
4421,72,77
4422,138,77
4423,70,77
4424,75,78
4425,54,78
4426,56,76
4427,49,72
4428,59,71
4429,87,72
4430,70,72
4431,103,73
4432,78,73
4433,77,75
4434,57,72
4435,62,72
4436,73,72
4437,71,72
4438,69,72
4439,92,73
4440,137,75
4441,66,75
4442,75,75
4443,82,75
4444,66,75
4445,94,77
4446,76,77
4447,82,75
4448,82,76
4449,52,75
4450,78,76
4451,54,76
4452,83,77
4453,53,77
4454,67,76
4455,58,75
4456,69,74
4457,85,74
4458,61,74
4459,90,75
4460,61,75
4461,90,76
4462,68,76
4463,62,75
4464,45,73
4465,77,71
4466,128,74
4467,48,72
4468,77,72
4469,97,73
4470,57,72
4471,66,72
4472,65,71
4473,59,70
4474,62,70
4475,60,70
4476,62,70
4477,78,70
4478,43,69
4479,68,69
4480,59,69
4481,53,69
4482,69,68
4483,66,68
4484,93,69
4485,79,69
4486,88,69
4487,79,70
4488,60,70
4489,77,71
4490,52,70
4491,71,68
4492,116,70
4493,89,71
4494,73,70
4495,92,71
4496,95,72
4497,58,72
4498,55,72
4499,64,72
4500,61,72
4501,82,73
4502,91,73
4503,85,75
4504,108,77
4505,53,76
4506,63,77
4507,61,76
4508,77,77
4509,102,77
4510,90,78
4511,67,77
4512,76,77
4513,50,76
4514,58,76
4515,57,76
4516,62,75
4517,74,74
4518,74,73
4519,87,74
4520,53,72
4521,60,71
4522,56,71
4523,87,72
4524,66,72
4525,65,72
4526,59,71
4527,106,72
4528,76,71
4529,67,70
4530,90,71
4531,55,71
4532,91,72
4533,50,71
4534,84,70
4535,69,70
4536,61,69
4537,71,69
4538,58,69
4539,60,70
4540,53,69
4541,70,70
4542,74,70
4543,84,70
4544,57,69
4545,50,69
4546,72,69
4547,85,70
4548,82,70
4549,76,71
4550,135,73
4551,85,74
4552,58,73
4553,67,72
4554,72,72
4555,74,72
4556,88,73
4557,50,71
4558,96,73
4559,89,73
4560,59,73
4561,71,73
4562,97,74
4563,75,75
4564,100,77
4565,65,77
4566,77,78
4567,62,77
4568,57,76
4569,87,77
4570,55,77
4571,61,77
4572,73,76
4573,75,76
4574,73,76
4575,79,74
4576,86,74
4577,89,75
4578,47,74
4579,96,75
4580,79,75
4581,106,76
4582,60,77
4583,75,76
4584,91,76
4585,50,75
4586,62,75
4587,51,73
4588,60,73
4589,56,71
4590,87,72
4591,73,72
4592,76,72
4593,64,72
4594,64,72
4595,63,72
4596,62,72
4597,91,73
4598,77,73
4599,82,73
4600,87,73
4601,83,73
4602,134,75
4603,76,76
4604,91,76
4605,141,78
4606,66,77
4607,86,78
4608,61,77
4609,115,78
4610,50,78
4611,98,80
4612,99,82
4613,72,82
4614,82,83
4615,47,82
4616,65,81
4617,53,80
4618,77,81
4619,58,81
4620,75,81
4621,100,83
4622,62,81
4623,64,81
4624,97,82
4625,71,81
4626,78,81
4627,76,78
4628,55,78
4629,61,76
4630,54,73
4631,71,73
4632,48,72
4633,132,74
4634,97,74
4635,64,74
4636,78,73
4637,58,72
4638,59,71
4639,86,71
4640,84,73
4641,67,73
4642,133,76
4643,59,75
4644,99,77
4645,73,77
4646,95,77
4647,94,78
4648,128,81
4649,93,81
4650,96,82
4651,75,81
4652,44,80
4653,73,81
4654,123,83
4655,48,83
4656,92,84
4657,69,85
4658,68,82
4659,57,81
4660,73,81
4661,112,82
4662,69,83
4663,63,83
4664,90,83
4665,57,82
4666,73,82
4667,67,80
4668,54,79
4669,78,79
4670,87,79
4671,76,78
4672,56,77
4673,74,75
4674,115,76
4675,79,75
4676,94,76
4677,118,79
4678,85,79
4679,55,76
4680,63,77
4681,70,76
4682,70,76
4683,67,76
4684,65,76
4685,75,76
4686,71,75
4687,56,74
4688,42,73
4689,66,73
4690,72,73
4691,66,73
4692,86,74
4693,54,74
4694,96,74
4695,73,74
4696,43,72
4697,61,73
4698,70,72
4699,75,71
4700,99,72
4701,69,71
4702,103,70
4703,67,69
4704,59,70
4705,47,69
4706,57,68
4707,60,68
4708,52,67
4709,89,68
4710,64,68
4711,61,67
4712,91,69
4713,58,70
4714,82,70
4715,70,70
4716,73,70
4717,78,70
4718,68,71
4719,49,69
4720,66,68
4721,90,70
4722,54,70
4723,84,71
4724,100,72
4725,59,70
4726,77,70
4727,68,69
4728,69,69
4729,70,69
4730,71,70
4731,90,72
4732,55,72
4733,70,72
4734,61,71
4735,93,72
4736,105,74
4737,102,74
4738,78,75
4739,81,75
4740,76,75
4741,99,77
4742,72,76
4743,55,76
4744,58,76
4745,131,79
4746,48,77
4747,56,77
4748,76,77
4749,75,76
4750,63,76
4751,59,75
4752,68,75
4753,95,76
4754,84,77
4755,68,77
4756,78,76
4757,94,78
4758,74,78
4759,66,78
4760,62,77
4761,120,78
4762,66,76
4763,90,77
4764,88,77
4765,99,78
4766,73,77
4767,94,78
4768,74,78
4769,68,79
4770,63,76
4771,83,77
4772,69,78
4773,77,78
4774,66,78
4775,66,78
4776,81,79
4777,62,78
4778,66,77
4779,94,78
4780,57,77
4781,60,76
4782,73,76
4783,85,76
4784,68,76
4785,67,76
4786,91,75
4787,69,75
4788,73,75
4789,136,77
4790,60,75
4791,52,74
4792,59,73
4793,57,72
4794,64,72
4795,134,75
4796,82,75
4797,60,74
4798,72,74
4799,60,74
4800,95,75
4801,98,76
4802,63,76
4803,83,76
4804,79,76
4805,83,77
4806,57,77
4807,89,77
4808,57,76
4809,45,75
4810,43,74
4811,77,74
4812,70,74
4813,63,74
4814,70,71
4815,121,73
4816,47,73
4817,57,73
4818,57,73
4819,77,74
4820,101,72
4821,95,73
4822,126,75
4823,63,75
4824,103,77
4825,70,76
4826,72,75
4827,76,75
4828,60,74
4829,71,74
4830,69,73
4831,61,74
4832,90,74
4833,103,75
4834,76,77
4835,72,78
4836,90,78
4837,55,78
4838,62,78
4839,95,79
4840,72,77
4841,57,77
4842,63,77
4843,76,78
4844,56,77
4845,69,76
4846,73,75
4847,86,74
4848,66,74
4849,69,72
4850,64,72
4851,86,73
4852,57,72
4853,60,72
4854,88,73
4855,54,72
4856,84,73
4857,73,72
4858,55,70
4859,56,70
4860,64,69
4861,77,69
4862,59,69
4863,57,69
4864,64,67
4865,66,67
4866,87,68
4867,82,69
4868,136,72
4869,66,72
4870,70,72
4871,93,73
4872,70,72
4873,60,72
4874,82,72
4875,71,73
4876,82,73
4877,68,73
4878,84,74
4879,64,73
4880,102,75
4881,68,74
4882,66,74
4883,60,74
4884,73,75
4885,77,75
4886,61,75
4887,49,74
4888,86,75
4889,65,76
4890,89,76
4891,70,76
4892,61,75
4893,62,72
4894,71,72
4895,94,73
4896,95,73
4897,62,73
4898,95,74
4899,91,75
4900,42,73
4901,58,73
4902,52,72
4903,74,71
4904,91,73
4905,78,72
4906,60,71
4907,68,71
4908,56,71
4909,54,70
4910,63,70
4911,55,70
4912,48,70
4913,122,71
4914,100,72
4915,57,71
4916,75,71
4917,70,72
4918,63,72
4919,86,72
4920,87,72
4921,76,71
4922,59,71
4923,88,71
4924,92,71
4925,111,74
4926,67,74
4927,56,74
4928,86,75
4929,77,74
4930,86,74
4931,75,75
4932,79,76
4933,75,76
4934,89,78
4935,132,80
4936,84,82
4937,52,82
4938,63,79
4939,91,79
4940,64,79
4941,91,80
4942,48,79
4943,71,79
4944,74,79
4945,47,77
4946,60,77
4947,77,77
4948,86,77
4949,133,79
4950,71,77
4951,135,80
4952,97,82
4953,70,81
4954,56,80
4955,56,79
4956,88,80
4957,98,80
4958,125,82
4959,132,84
4960,76,82
4961,63,81
4962,136,84
4963,89,85
4964,56,84
4965,93,85
4966,75,84
4967,52,85
4968,66,84
4969,74,84
4970,68,85
4971,96,87
4972,61,86
4973,67,85
4974,89,84
4975,64,83
4976,58,80
4977,51,78
4978,97,79
4979,97,81
4980,78,82
4981,57,81
4982,78,80
4983,57,77
4984,57,74
4985,67,74
4986,53,73
4987,68,71
4988,50,69
4989,54,69
4990,56,68
4991,62,67
4992,73,68
4993,58,68
4994,52,67
4995,59,66
4996,53,65
4997,57,64
4998,65,64
4999,44,63
5000,63,63
5001,82,64
5002,59,64
5003,64,63
5004,96,62
5005,52,61
5006,75,62
5007,53,61
5008,65,61
5009,94,63
5010,50,62
5011,49,62
5012,81,63
5013,91,64
5014,130,67
5015,66,68
5016,71,68
5017,97,69
5018,76,70
5019,72,71
5020,65,71
5021,85,72
5022,62,72
5023,67,72
5024,95,74
5025,50,74
5026,81,74
5027,118,76
5028,99,78
5029,87,77
5030,63,78
5031,70,77
5032,77,78
5033,81,79
5034,60,78
5035,93,79
5036,68,80
5037,66,80
5038,64,79
5039,86,77
5040,98,78
5041,74,78
5042,80,77
5043,56,77
5044,50,76
5045,68,76
5046,72,75
5047,73,76
5048,91,77
5049,60,75
5050,45,75
5051,62,74
5052,78,73
5053,69,72
5054,78,71
5055,114,73
5056,100,75
5057,91,75
5058,91,75
5059,76,76
5060,91,76
5061,70,76
5062,65,76
5063,55,76
5064,70,75
5065,74,74
5066,88,75
5067,76,75
5068,45,74
5069,69,75
5070,65,75
5071,96,76
5072,50,75
5073,73,74
5074,93,75
5075,112,78
5076,53,78
5077,88,78
5078,55,78
5079,47,76
5080,122,77
5081,80,76
5082,88,76
5083,52,74
5084,61,74
5085,137,75
5086,42,74
5087,50,74
5088,52,74
5089,58,73
5090,70,73
5091,82,73
5092,69,72
5093,53,73
5094,72,73
5095,85,74
5096,126,75
5097,62,75
5098,129,78
5099,87,77
5100,114,77
5101,91,79
5102,61,78
5103,64,78
5104,54,78
5105,69,76
5106,82,76
5107,71,76
5108,61,76
5109,54,76
5110,85,74
5111,80,75
5112,68,76
5113,55,76
5114,101,78
5115,70,78
5116,76,78
5117,63,77
5118,130,80
5119,56,80
5120,66,79
5121,73,77
5122,69,77
5123,87,75
5124,91,76
5125,119,76
5126,58,75
5127,71,75
5128,69,75
5129,73,76
5130,74,76
5131,49,75
5132,81,75
5133,102,77
5134,60,77
5135,91,77
5136,80,77
5137,35,76
5138,100,78
5139,80,77
5140,66,77
5141,86,77
5142,61,77
5143,68,75
5144,59,75
5145,72,75
5146,54,74
5147,78,75
5148,83,74
5149,98,75
5150,79,73
5151,91,74
5152,67,74
5153,62,74
5154,51,73
5155,63,73
5156,104,75
5157,55,74
5158,94,73
5159,86,75
5160,58,73
5161,69,73
5162,88,75
5163,70,74
5164,64,73
5165,65,73
5166,123,74
5167,62,75
5168,134,77
5169,56,77
5170,55,76
5171,64,77
5172,80,77
5173,119,78
5174,63,77
5175,63,76
5176,58,75
5177,66,75
5178,62,75
5179,79,76
5180,62,76
5181,71,75
5182,128,78
5183,70,77
5184,58,75
5185,80,76
5186,75,77
5187,66,76
5188,56,75
5189,58,75
5190,71,75
5191,70,73
5192,92,74
5193,72,72
5194,86,73
5195,80,74
5196,89,75
5197,86,75
5198,64,73
5199,73,73
5200,88,74
5201,78,75
5202,52,75
5203,54,74
5204,64,74
5205,72,74
5206,56,74
5207,77,71
5208,71,72
5209,63,72
5210,51,71
5211,68,70
5212,43,69
5213,58,69
5214,54,69
5215,72,69
5216,66,69
5217,60,68
5218,68,68
5219,86,68
5220,83,68
5221,65,67
5222,62,66
5223,57,66
5224,134,68
5225,73,67
5226,63,67
5227,87,68
5228,85,70
5229,81,70
5230,93,71
5231,52,71
5232,77,71
5233,51,70
5234,104,72
5235,56,72
5236,60,72
5237,72,73
5238,82,74
5239,62,74
5240,53,73
5241,67,73
5242,54,73
5243,59,73
5244,62,72
5245,78,72
5246,91,73
5247,68,73
5248,70,73
5249,71,71
5250,73,71
5251,74,71
5252,55,70
5253,66,69
5254,76,69
5255,62,68
5256,83,69
5257,47,68
5258,59,68
5259,84,67
5260,72,68
5261,83,69
5262,56,68
5263,54,67
5264,76,68
5265,56,68
5266,69,68
5267,68,68
5268,71,69
5269,52,69
5270,52,68
5271,77,67
5272,65,67
5273,45,66
5274,53,65
5275,47,64
5276,61,64
5277,78,64
5278,74,65
5279,56,64
5280,92,65
5281,63,64
5282,77,66
5283,56,65
5284,83,65
5285,70,65
5286,93,66
5287,51,66
5288,98,67
5289,73,67
5290,62,67
5291,90,68
5292,43,67
5293,76,67
5294,71,68
5295,69,69
5296,56,68
5297,66,68
5298,47,68
5299,88,70
5300,58,70
5301,67,70
5302,99,71
5303,88,72
5304,68,72
5305,88,72
5306,61,72
5307,60,71
5308,87,72
5309,67,72
5310,67,72
5311,71,71
5312,94,73
5313,125,74
5314,93,74
5315,76,75
5316,57,74
5317,86,75
5318,71,75
5319,85,76
5320,63,76
5321,101,77
5322,83,78
5323,74,79
5324,66,78
5325,67,79
5326,73,79
5327,75,78
5328,132,80
5329,15,77
5330,50,76
5331,55,76
5332,48,75
5333,88,75
5334,86,76
5335,124,78
5336,78,79
5337,51,77
5338,117,77
5339,66,75
5340,76,75
5341,71,76
5342,82,76
5343,61,75
5344,55,74
5345,47,74
5346,88,73
5347,53,72
5348,53,71
5349,48,70
5350,94,71
5351,68,71
5352,80,71
5353,76,69
5354,70,71
5355,60,72
5356,48,72
5357,72,72
5358,58,71
5359,53,70
5360,70,68
5361,45,66
5362,69,67
5363,118,67
5364,79,68
5365,94,68
5366,131,71
5367,72,70
5368,61,70
5369,80,71
5370,71,72
5371,81,72
5372,57,72
5373,71,73
5374,58,73
5375,69,72
5376,126,75
5377,77,75
5378,93,75
5379,74,75
5380,97,77
5381,60,77
5382,124,80
5383,88,81
5384,71,81
5385,88,82
5386,50,82
5387,65,82
5388,47,79
5389,65,79
5390,70,78
5391,58,75
5392,80,75
5393,65,75
5394,53,74
5395,61,74
5396,69,73
5397,54,73
5398,77,74
5399,124,76
5400,98,77
5401,63,75
5402,64,74
5403,57,73
5404,50,72
5405,131,73
5406,67,74
5407,61,71
5408,83,71
5409,81,71
5410,115,72
5411,65,73
5412,61,73
5413,64,73
5414,86,74
5415,88,75
5416,62,75
5417,75,75
5418,62,75
5419,79,76
5420,75,76
5421,75,77
5422,55,77
5423,83,77
5424,59,74
5425,84,74
5426,104,75
5427,56,75
5428,67,76
5429,45,75
5430,61,73
5431,89,73
5432,70,74
5433,49,72
5434,86,73
5435,59,70
5436,61,70
5437,82,71
5438,92,72
5439,72,72
5440,70,71
5441,79,72
5442,74,72
5443,132,74
5444,70,74
5445,59,73
5446,70,73
5447,92,75
5448,58,74
5449,56,73
5450,63,73
5451,90,72
5452,75,73
5453,99,74
5454,46,74
5455,50,74
5456,67,73
5457,70,73
5458,46,73
5459,92,73
5460,68,73
5461,60,73
5462,80,73
5463,80,73
5464,78,73
5465,77,73
5466,133,75
5467,90,76
5468,72,74
5469,67,74
5470,62,74
5471,76,74
5472,88,74
5473,44,73
5474,53,73
5475,66,73
5476,53,72
5477,80,72
5478,52,70
5479,63,71
5480,63,71
5481,114,73
5482,74,73
5483,56,74
5484,73,73
5485,93,74
5486,92,75
5487,75,75
5488,103,76
5489,90,76
5490,75,76
5491,67,74
5492,61,72
5493,98,74
5494,64,73
5495,90,75
5496,57,74
5497,74,73
5498,54,74
5499,52,74
5500,69,74
5501,97,75
5502,69,75
5503,66,76
5504,71,76
5505,77,76
5506,72,75
5507,69,75
5508,61,75
5509,49,74
5510,89,74
5511,52,72
5512,63,72
5513,68,70
5514,91,70
5515,56,69
5516,77,70
5517,90,71
5518,83,70
5519,71,71
5520,74,70
5521,70,71
5522,123,73
5523,51,72
5524,69,73
5525,57,73
5526,60,71
5527,65,71
5528,70,71
5529,66,71
5530,48,70
5531,54,69
5532,74,69
5533,52,69
5534,103,71
5535,91,71
5536,57,71
5537,61,71
5538,66,71
5539,69,70
5540,79,71
5541,51,70
5542,74,70
5543,71,69
5544,91,70
5545,63,69
5546,59,69
5547,55,66
5548,91,68
5549,66,68
5550,45,67
5551,62,67
5552,80,68
5553,79,68
5554,68,68
5555,55,69
5556,61,69
5557,71,69
5558,79,70
5559,84,69
5560,51,68
5561,43,67
5562,63,67
5563,95,68
5564,55,68
5565,50,66
5566,105,69
5567,89,69
5568,84,70
5569,59,68
5570,69,69
5571,65,69
5572,85,70
5573,75,70
5574,74,70
5575,82,71
5576,63,71
5577,68,71
5578,86,71
5579,71,71
5580,73,72
5581,70,72
5582,73,72
5583,67,72
5584,93,72
5585,54,72
5586,81,74
5587,76,74
5588,69,73
5589,47,73
5590,59,73
5591,61,72
5592,124,73
5593,48,72
5594,56,72
5595,40,70
5596,69,71
5597,74,70
5598,78,70
5599,72,70
5600,64,69
5601,71,70
5602,67,70
5603,73,69
5604,125,71
5605,81,72
5606,73,72
5607,63,71
5608,92,72
5609,49,71
5610,53,71
5611,52,69
5612,83,70
5613,67,70
5614,68,70
5615,58,70
5616,76,71
5617,90,70
5618,90,71
5619,74,72
5620,94,74
5621,98,75
5622,84,76
5623,86,76
5624,75,76
5625,74,77
5626,94,78
5627,88,78
5628,71,78
5629,68,76
5630,75,76
5631,63,75
5632,84,76
5633,50,75
5634,94,76
5635,78,77
5636,56,78
5637,82,77
5638,49,77
5639,93,78
5640,73,78
5641,78,78
5642,42,77
5643,55,75
5644,74,75
5645,78,74
5646,56,73
5647,65,72
5648,74,72
5649,57,71
5650,105,72
5651,68,71
5652,66,70
5653,128,72
5654,75,73
5655,58,72
5656,58,72
5657,47,70
5658,96,72
5659,83,72
5660,56,71
5661,79,72
5662,74,71
5663,54,72
5664,92,72
5665,81,72
5666,62,71
5667,91,73
5668,68,74
5669,70,74
5670,75,74
5671,40,73
5672,90,74
5673,43,73
5674,58,73
5675,69,71
5676,73,71
5677,83,72
5678,83,70
5679,57,70
5680,51,69
5681,92,71
5682,58,71
5683,56,70
5684,51,68
5685,96,70
5686,51,69
5687,76,69
5688,99,71
5689,89,70
5690,96,71
5691,66,71
5692,70,70
5693,62,70
5694,74,70
5695,90,71
5696,43,71
5697,57,70
5698,82,71
5699,66,72
5700,55,71
5701,62,71
5702,65,70
5703,76,70
5704,57,70
5705,56,70
5706,80,69
5707,49,69
5708,54,69
5709,74,70
5710,52,68
5711,60,68
5712,132,71
5713,72,70
5714,67,69
5715,96,69
5716,67,69
5717,88,69
5718,60,69
5719,77,69
5720,69,69
5721,84,70
5722,89,72
5723,85,72
5724,45,71
5725,76,72
5726,64,72
5727,67,72
5728,98,73
5729,57,73
5730,57,73
5731,85,73
5732,75,74
5733,85,75
5734,59,75
5735,82,76
5736,72,76
5737,61,73
5738,50,73
5739,60,72
5740,68,71
5741,65,71
5742,128,73
5743,67,73
5744,59,72
5745,69,72
5746,135,74
5747,49,73
5748,107,74
5749,73,75
5750,55,74
5751,77,74
5752,73,75
5753,52,73
5754,87,74
5755,63,74
5756,69,74
5757,82,74
5758,68,73
5759,59,73
5760,53,72
5761,116,74
5762,83,75
5763,60,75
5764,76,76
5765,85,76
5766,59,76
5767,49,73
5768,56,73
5769,50,72
5770,75,72
5771,76,70
5772,85,72
5773,89,71
5774,68,71
5775,60,71
5776,104,72
5777,58,71
5778,63,72
5779,60,71
5780,84,71
5781,86,72
5782,86,72
5783,132,75
5784,85,76
5785,75,77
5786,65,75
5787,75,74
5788,80,75
5789,70,75
5790,61,74
5791,63,74
5792,61,75
5793,56,75
5794,70,75
5795,86,76
5796,54,75
5797,63,74
5798,61,73
5799,77,73
5800,56,73
5801,67,72
5802,72,72
5803,72,73
5804,95,74
5805,63,73
5806,65,72
5807,83,72
5808,73,70
5809,80,70
5810,71,70
5811,99,71
5812,80,71
5813,59,70
5814,71,70
5815,66,71
5816,58,70
5817,56,70
5818,57,70
5819,93,71
5820,96,71
5821,44,71
5822,70,71
5823,79,72
5824,61,71
5825,88,73
5826,60,72
5827,45,71
5828,81,72
5829,76,71
5830,82,72
5831,70,72
5832,56,71
5833,67,71
5834,136,73
5835,56,72
5836,84,72
5837,81,72
5838,58,72
5839,90,72
5840,69,73
5841,64,73
5842,77,74
5843,77,74
5844,48,73
5845,60,71
5846,69,72
5847,90,73
5848,103,74
5849,71,74
5850,123,76
5851,47,75
5852,48,75
5853,49,74
5854,51,73
5855,67,72
5856,62,72
5857,65,72
5858,54,72
5859,83,70
5860,41,69
5861,73,69
5862,53,68
5863,51,67
5864,82,67
5865,83,68
5866,62,68
5867,89,68
5868,89,69
5869,89,70
5870,91,71
5871,69,71
5872,73,71
5873,69,69
5874,40,68
5875,47,65
5876,42,65
5877,69,66
5878,117,68
5879,69,69
5880,62,69
5881,98,70
5882,69,71
5883,68,71
5884,79,71
5885,68,72
5886,80,72
5887,94,74
5888,63,74
5889,54,73
5890,110,74
5891,54,74
5892,97,74
5893,68,74
5894,129,75
5895,47,73
5896,57,73
5897,60,72
5898,37,71
5899,96,73
5900,87,75
5901,66,76
5902,58,75
5903,81,74
5904,70,74
5905,70,74
5906,59,73
5907,80,73
5908,74,74
5909,95,74
5910,47,73
5911,58,72
5912,72,72
5913,54,71
5914,58,71
5915,68,70
5916,59,70
5917,73,69
5918,69,69
5919,94,68
5920,72,69
5921,57,69
5922,90,70
5923,66,71
5924,71,70
5925,70,69
5926,78,70
5927,57,70
5928,93,70
5929,60,70
5930,76,70
5931,66,70
5932,69,70
5933,70,70
5934,96,70
5935,53,70
5936,58,70
5937,75,70
5938,74,71
5939,64,71
5940,89,72
5941,74,73
5942,71,72
5943,63,72
5944,94,72
5945,64,72
5946,65,72
5947,75,72
5948,64,72
5949,42,70
5950,57,70
5951,95,71
5952,84,72
5953,62,70
5954,83,71
5955,77,71
5956,95,73
5957,64,72
5958,96,73
5959,44,71
5960,67,72
5961,82,73
5962,63,72
5963,85,73
5964,73,73
5965,131,75
5966,58,74
5967,84,75
5968,48,74
5969,45,72
5970,53,72
5971,83,72
5972,81,73
5973,40,72
5974,80,73
5975,79,74
5976,60,73
5977,74,72
5978,63,72
5979,84,72
5980,62,72
5981,66,71
5982,89,72
5983,59,70
5984,53,70
5985,43,70
5986,69,69
5987,58,69
5988,71,68
5989,61,68
5990,95,66
5991,52,66
5992,96,67
5993,38,66
5994,64,67
5995,72,68
5996,72,67
5997,64,67
5998,74,68
5999,119,69
6000,88,70
6001,82,71
6002,54,70
6003,54,70
6004,75,69
6005,59,69
6006,60,69
6007,43,67
6008,75,68
6009,65,68
6010,45,68
6011,60,68
6012,66,68
6013,56,68
6014,72,68
6015,58,67
6016,101,68
6017,58,67
6018,55,68
6019,56,67
6020,76,67
6021,67,67
6022,80,68
6023,50,67
6024,71,65
6025,87,65
6026,64,64
6027,60,65
6028,72,65
6029,92,66
6030,89,67
6031,90,68
6032,70,69
6033,57,69
6034,96,70
6035,88,72
6036,70,72
6037,67,72
6038,68,73
6039,128,75
6040,59,75
6041,43,73
6042,60,73
6043,70,73
6044,70,74
6045,70,74
6046,86,74
6047,78,74
6048,94,76
6049,54,75
6050,66,74
6051,67,75
6052,68,75
6053,73,75
6054,76,74
6055,63,73
6056,55,72
6057,65,72
6058,62,72
6059,54,70
6060,51,69
6061,69,69
6062,60,68
6063,73,69
6064,62,66
6065,130,69
6066,65,70
6067,78,70
6068,91,71
6069,94,72
6070,80,73
6071,92,73
6072,63,72
6073,80,72
6074,89,73
6075,67,73
6076,54,73
6077,71,73
6078,70,73
6079,73,72
6080,72,73
6081,102,75
6082,86,76
6083,71,76
6084,68,76
6085,91,78
6086,52,77
6087,74,78
6088,67,78
6089,97,79
6090,76,77
6091,88,78
6092,58,77
6093,65,76
6094,64,75
6095,53,74
6096,72,73
6097,52,72
6098,69,72
6099,59,71
6100,61,71
6101,51,70
6102,69,70
6103,70,70
6104,59,70
6105,88,70
6106,90,70
6107,53,69
6108,51,68
6109,44,67
6110,88,67
6111,70,68
6112,85,68
6113,93,69
6114,75,68
6115,60,67
6116,72,67
6117,67,67
6118,66,67
6119,87,68
6120,52,68
6121,59,68
6122,78,69
6123,93,70
6124,63,70
6125,133,73
6126,76,74
6127,55,73
6128,58,73
6129,71,73
6130,41,71
6131,132,73
6132,59,73
6133,61,74
6134,69,75
6135,53,73
6136,61,73
6137,78,72
6138,65,71
6139,71,71
6140,65,71
6141,75,72
6142,95,73
6143,72,73
6144,55,72
6145,103,74
6146,87,75
6147,133,77
6148,66,76
6149,83,77
6150,79,75
6151,82,75
6152,68,75
6153,0,73
6154,66,73
6155,59,73
6156,53,70
6157,71,71
6158,104,73
6159,88,73
6160,40,73
6161,87,74
6162,92,74
6163,57,74
6164,47,73
6165,94,74
6166,90,75
6167,76,74
6168,84,75
6169,74,75
6170,65,74
6171,45,72
6172,78,70
6173,69,70
6174,50,69
6175,65,68
6176,73,68
6177,77,68
6178,83,71
6179,42,71
6180,72,71
6181,88,72
6182,84,73
6183,77,72
6184,66,71
6185,92,73
6186,49,72
6187,63,70
6188,70,71
6189,78,72
6190,55,71
6191,79,70
6192,73,70
6193,67,69
6194,64,69
6195,123,71
6196,43,71
6197,50,70
6198,72,70
6199,60,71
6200,50,70
6201,48,69
6202,129,71
6203,74,71
6204,57,71
6205,50,70
6206,54,69
6207,103,70
6208,65,69
6209,67,69
6210,85,69
6211,47,69
6212,40,68
6213,120,70
6214,56,69
6215,52,69
6216,61,68
6217,91,69
6218,52,69
6219,56,68
6220,91,67
6221,94,69
6222,54,69
6223,66,69
6224,54,69
6225,54,69
6226,66,70
6227,92,68
6228,53,67
6229,87,68
6230,84,70
6231,81,71
6232,86,70
6233,45,69
6234,43,68
6235,64,68
6236,58,68
6237,50,68
6238,79,67
6239,85,68
6240,57,68
6241,57,68
6242,70,67
6243,62,68
6244,63,68
6245,42,66
6246,120,67
6247,61,67
6248,60,67
6249,83,68
6250,62,68
6251,73,69
6252,127,70
6253,79,71
6254,55,70
6255,58,69
6256,55,68
6257,54,66
6258,85,68
6259,58,69
6260,73,69
6261,44,68
6262,51,69
6263,75,68
6264,49,67
6265,81,68
6266,58,68
6267,97,69
6268,68,69
6269,58,69
6270,81,71
6271,65,68
6272,49,68
6273,50,68
6274,53,66
6275,53,66
6276,41,65
6277,89,63
6278,80,63
6279,59,63
6280,76,64
6281,88,65
6282,114,68
6283,115,69
6284,65,69
6285,92,70
6286,67,71
6287,55,71
6288,91,72
6289,55,72
6290,74,72
6291,54,72
6292,52,70
6293,71,70
6294,92,71
6295,87,71
6296,97,73
6297,74,74
6298,70,75
6299,48,74
6300,59,75
6301,71,76
6302,91,76
6303,94,76
6304,72,77
6305,54,76
6306,88,76
6307,133,77
6308,75,75
6309,53,75
6310,70,74
6311,66,74
6312,58,74
6313,76,73
6314,70,74
6315,56,73
6316,52,73
6317,97,75
6318,80,75
6319,50,74
6320,98,74
6321,90,74
6322,88,74
6323,66,74
6324,89,76
6325,54,76
6326,63,75
6327,92,75
6328,67,74
6329,92,75
6330,58,75
6331,92,75
6332,39,72
6333,70,71
6334,87,73
6335,48,72
6336,53,71
6337,68,72
6338,58,71
6339,85,72
6340,99,73
6341,56,74
6342,56,72
6343,49,71
6344,63,71
6345,75,70
6346,76,70
6347,53,68
6348,55,68
6349,133,70
6350,89,71
6351,75,72
6352,69,71
6353,63,70
6354,81,70
6355,85,71
6356,100,71
6357,72,73
6358,49,72
6359,50,70
6360,91,72
6361,55,72
6362,75,72
6363,70,73
6364,88,73
6365,97,73
6366,62,73
6367,46,73
6368,65,73
6369,84,74
6370,67,74
6371,88,74
6372,52,74
6373,73,75
6374,54,72
6375,90,72
6376,81,72
6377,84,73
6378,55,73
6379,57,72
6380,63,71
6381,84,70
6382,120,72
6383,60,72
6384,70,73
6385,83,73
6386,59,73
6387,49,72
6388,52,71
6389,71,71
6390,69,70
6391,62,70
6392,63,70
6393,57,70
6394,83,70
6395,45,69
6396,62,68
6397,41,67
6398,71,67
6399,52,67
6400,82,67
6401,48,66
6402,74,65
6403,65,66
6404,66,66
6405,79,67
6406,53,65
6407,50,63
6408,50,62
6409,73,62
6410,126,64
6411,89,65
6412,97,67
6413,56,67
6414,86,68
6415,58,68
6416,68,68
6417,68,68
6418,64,68
6419,49,67
6420,95,69
6421,96,70
6422,70,71
6423,85,72
6424,68,73
6425,47,71
6426,55,71
6427,71,71
6428,76,72
6429,129,74
6430,81,74
6431,78,75
6432,50,75
6433,58,76
6434,68,76
6435,70,73
6436,0,70
6437,73,69
6438,68,69
6439,91,69
6440,46,69
6441,66,69
6442,69,69
6443,69,69
6444,46,69
6445,68,68
6446,68,67
6447,69,67
6448,60,66
6449,53,65
6450,88,67
6451,67,67
6452,64,67
6453,51,66
6454,86,64
6455,65,64
6456,70,63
6457,85,65
6458,89,66
6459,53,65
6460,52,65
6461,56,67
6462,56,66
6463,49,65
6464,79,65
6465,64,66
6466,41,65
6467,81,65
6468,55,65
6469,58,65
6470,72,65
6471,89,66
6472,43,65
6473,44,64
6474,71,65
6475,78,65
6476,112,67
6477,76,67
6478,48,67
6479,66,66
6480,69,66
6481,132,69
6482,69,68
6483,66,67
6484,71,68
6485,72,69
6486,68,69
6487,58,69
6488,59,70
6489,60,69
6490,43,68
6491,63,69
6492,71,69
6493,90,70
6494,66,70
6495,71,70
6496,64,69
6497,36,69
6498,55,69
6499,64,69
6500,58,68
6501,67,66
6502,76,66
6503,73,67
6504,87,68
6505,77,69
6506,53,65
6507,71,66
6508,60,65
6509,90,66
6510,37,65
6511,62,64
6512,63,65
6513,73,65
6514,59,65
6515,50,65
6516,54,65
6517,68,65
6518,50,63
6519,68,63
6520,92,64
6521,65,64
6522,56,65
6523,54,65
6524,81,66
6525,65,66
6526,120,68
6527,91,69
6528,56,68
6529,67,67
6530,92,68
6531,57,68
6532,54,67
6533,79,68
6534,57,67
6535,68,68
6536,83,69
6537,52,68
6538,82,69
6539,55,69
6540,84,70
6541,58,70
6542,93,71
6543,127,74
6544,85,75
6545,62,74
6546,84,74
6547,61,75
6548,76,76
6549,83,76
6550,78,76
6551,62,74
6552,81,73
6553,61,74
6554,46,73
6555,68,72
6556,79,73
6557,76,74
6558,56,73
6559,95,74
6560,62,74
6561,76,74
6562,130,77
6563,56,76
6564,86,77
6565,44,75
6566,50,75
6567,89,75
6568,80,73
6569,105,74
6570,49,73
6571,58,72
6572,95,74
6573,59,73
6574,56,72
6575,52,71
6576,54,71
6577,56,70
6578,47,69
6579,72,70
6580,56,70
6581,64,69
6582,138,71
6583,59,72
6584,57,70
6585,61,70
6586,76,70
6587,65,67
6588,50,67
6589,81,67
6590,46,67
6591,55,67
6592,81,67
6593,62,66
6594,60,64
6595,62,65
6596,86,66
6597,88,66
6598,76,66
6599,53,66
6600,74,67
6601,53,67
6602,55,67
6603,49,67
6604,56,67
6605,43,66
6606,67,66
6607,78,64
6608,74,64
6609,61,64
6610,85,65
6611,56,65
6612,64,65
6613,51,65
6614,60,64
6615,46,64
6616,93,65
6617,52,64
6618,55,64
6619,47,63
6620,60,63
6621,65,62
6622,57,61
6623,118,63
6624,54,63
6625,65,63
6626,76,63
6627,67,64
6628,57,64
6629,50,64
6630,77,65
6631,44,64
6632,73,64
6633,69,64
6634,66,64
6635,46,63
6636,57,63
6637,51,62
6638,70,63
6639,66,63
6640,84,65
6641,46,63
6642,64,63
6643,45,63
6644,88,65
6645,75,65
6646,84,66
6647,89,67
6648,82,66
6649,83,67
6650,70,67
6651,71,67
6652,57,67
6653,68,67
6654,55,67
6655,82,67
6656,75,69
6657,82,69
6658,134,72
6659,70,72
6660,70,73
6661,76,73
6662,56,74
6663,66,74
6664,94,75
6665,50,73
6666,61,74
6667,72,74
6668,43,74
6669,79,74
6670,59,73
6671,61,72
6672,60,71
6673,51,70
6674,84,70
6675,72,70
6676,81,70
6677,52,70
6678,56,70
6679,86,71
6680,87,71
6681,117,73
6682,52,72
6683,122,71
6684,47,70
6685,60,70
6686,58,69
6687,68,70
6688,78,70
6689,53,68
6690,60,69
6691,129,71
6692,88,72
6693,85,74
6694,48,73
6695,50,72
6696,65,72
6697,80,73
6698,82,74
6699,42,73
6700,113,74
6701,46,73
6702,53,73
6703,81,74
6704,75,74
6705,65,73
6706,87,71
6707,74,72
6708,65,70
6709,50,70
6710,66,70
6711,63,71
6712,59,70
6713,45,69
6714,57,69
6715,63,69
6716,84,67
6717,83,67
6718,84,67
6719,79,68
6720,86,70
6721,63,70
6722,109,71
6723,50,70
6724,55,70
6725,87,69
6726,100,71
6727,67,72
6728,69,71
6729,96,72
6730,57,72
6731,86,72
6732,65,72
6733,86,72
6734,81,74
6735,52,73
6736,51,73
6737,75,73
6738,59,74
6739,70,74
6740,134,77
6741,52,76
6742,96,76
6743,75,76
6744,44,75
6745,70,74
6746,55,74
6747,54,71
6748,47,71
6749,53,71
6750,67,70
6751,120,71
6752,72,71
6753,64,71
6754,54,70
6755,64,70
6756,89,70
6757,59,70
6758,73,69
6759,42,68
6760,85,69
6761,73,70
6762,68,70
6763,67,70
6764,60,69
6765,71,67
6766,74,68
6767,63,67
6768,66,66
6769,66,67
6770,79,67
6771,87,69
6772,86,70
6773,62,71
6774,67,71
6775,61,71
6776,84,69
6777,126,72
6778,65,72
6779,88,73
6780,60,73
6781,55,71
6782,46,71
6783,82,71
6784,53,72
6785,46,70
6786,57,70
6787,89,70
6788,124,73
6789,88,74
6790,91,75
6791,87,75
6792,83,76
6793,67,76
6794,72,76
6795,78,76
6796,102,77
6797,70,76
6798,69,76
6799,68,76
6800,67,77
6801,72,76
6802,56,73
6803,47,73
6804,65,72
6805,51,71
6806,58,72
6807,65,72
6808,101,73
6809,59,73
6810,51,73
6811,52,73
6812,68,72
6813,76,71
6814,78,70
6815,50,68
6816,90,69
6817,59,68
6818,77,68
6819,70,68
6820,50,67
6821,68,65
6822,85,66
6823,89,67
6824,88,68
6825,96,69
6826,45,68
6827,78,69
6828,81,70
6829,57,70
6830,86,71
6831,67,71
6832,38,70
6833,96,70
6834,83,71
6835,70,72
6836,93,74
6837,43,73
6838,50,71
6839,60,71
6840,82,72
6841,56,71
6842,57,71
6843,52,70
6844,90,70
6845,65,71
6846,55,70
6847,58,69
6848,74,69
6849,60,68
6850,80,67
6851,62,68
6852,94,68
6853,67,68
6854,48,67
6855,66,67
6856,51,66
6857,70,67
6858,62,66
6859,127,68
6860,77,68
6861,86,68
6862,85,69
6863,76,70
6864,120,73
6865,49,71
6866,85,73
6867,55,73
6868,47,72
6869,64,71
6870,81,72
6871,48,72
6872,82,73
6873,42,71
6874,50,71
6875,52,70
6876,36,69
6877,76,68
6878,66,68
6879,71,69
6880,57,69
6881,95,70
6882,95,71
6883,71,72
6884,62,69
6885,56,68
6886,63,67
6887,96,68
6888,41,66
6889,93,65
6890,95,67
6891,57,66
6892,86,67
6893,82,69
6894,78,69
6895,63,69
6896,48,69
6897,68,68
6898,69,69
6899,33,68
6900,55,68
6901,68,70
6902,62,69
6903,62,69
6904,55,68
6905,58,68
6906,63,67
6907,67,66
6908,50,65
6909,87,66
6910,49,66
6911,48,65
6912,65,64
6913,57,65
6914,43,63
6915,46,61
6916,48,60
6917,68,60
6918,65,59
6919,63,58
6920,80,59
6921,74,60
6922,62,60
6923,75,60
6924,53,61
6925,53,61
6926,66,61
6927,63,61
6928,63,61
6929,83,62
6930,132,65
6931,123,67
6932,78,68
6933,58,68
6934,69,67
6935,71,68
6936,71,69
6937,71,69
6938,41,69
6939,64,70
6940,64,70
6941,86,72
6942,69,72
6943,64,72
6944,57,72
6945,50,70
6946,78,71
6947,67,71
6948,44,70
6949,82,71
6950,65,71
6951,75,72
6952,67,72
6953,69,72
6954,69,71
6955,77,69
6956,72,67
6957,96,68
6958,59,68
6959,44,67
6960,92,68
6961,93,69
6962,67,68
6963,51,69
6964,70,69
6965,66,69
6966,53,68
6967,63,68
6968,72,68
6969,66,68
6970,53,68
6971,74,68
6972,50,68
6973,117,70
6974,53,69
6975,55,69
6976,66,69
6977,36,67
6978,51,67
6979,68,67
6980,45,65
6981,62,65
6982,60,63
6983,57,63
6984,131,67
6985,65,66
6986,41,64
6987,63,64
6988,84,65
6989,69,65
6990,77,65
6991,78,66
6992,86,67
6993,91,68
6994,69,68
6995,55,68
6996,46,67
6997,86,68
6998,66,66
6999,63,67
7000,72,67
7001,33,66
7002,69,67
7003,112,70
7004,127,72
7005,76,74
7006,65,74
7007,46,73
7008,66,73
7009,73,71
7010,56,71
7011,56,71
7012,53,71
7013,61,70
7014,70,70
7015,42,69
7016,65,68
7017,92,68
7018,49,67
7019,83,67
7020,69,68
7021,64,69
7022,65,68
7023,46,67
7024,86,68
7025,89,69
7026,70,70
7027,55,69
7028,69,68
7029,80,66
7030,71,66
7031,75,66
7032,63,67
7033,84,67
7034,45,66
7035,62,67
7036,79,67
7037,42,67
7038,50,67
7039,37,65
7040,73,67
7041,57,66
7042,58,65
7043,57,65
7044,65,64
7045,54,64
7046,50,63
7047,91,64
7048,54,65
7049,119,66
7050,56,65
7051,46,64
7052,62,64
7053,55,63
7054,60,63
7055,81,63
7056,86,63
7057,68,64
7058,46,62
7059,68,63
7060,54,63
7061,51,62
7062,59,62
7063,73,63
7064,86,65
7065,120,67
7066,79,68
7067,46,67
7068,86,69
7069,64,69
7070,96,70
7071,71,71
7072,78,71
7073,92,72
7074,51,69
7075,65,70
7076,64,70
7077,84,71
7078,82,72
7079,47,72
7080,72,72
7081,57,70
7082,65,70
7083,46,70
7084,80,71
7085,75,72
7086,127,75
7087,94,76
7088,44,75
7089,92,75
7090,66,73
7091,83,73
7092,55,73
7093,63,73
7094,74,73
7095,38,71
7096,122,73
7097,43,71
7098,121,72
7099,121,75
7100,73,76
7101,71,76
7102,88,76
7103,78,76
7104,48,76
7105,67,76
7106,120,78
7107,51,78
7108,63,78
7109,81,78
7110,48,77
7111,87,76
7112,83,75
7113,119,78
7114,76,78
7115,62,77
7116,87,78
7117,81,79
7118,67,79
7119,79,79
7120,46,79
7121,52,76
7122,60,77
7123,60,75
7124,78,73
7125,68,73
7126,113,74
7127,62,73
7128,54,72
7129,48,72
7130,79,73
7131,65,71
7132,75,72
7133,53,71
7134,78,71
7135,52,71
7136,71,71
7137,57,70
7138,65,68
7139,58,67
7140,34,66
7141,81,65
7142,66,65
7143,41,64
7144,74,64
7145,58,64
7146,55,64
7147,56,64
7148,59,64
7149,48,63
7150,40,62
7151,93,61
7152,42,60
7153,57,60
7154,43,60
7155,44,59
7156,93,60
7157,77,60
7158,54,60
7159,66,59
7160,52,59
7161,72,59
7162,62,60
7163,86,60
7164,66,61
7165,53,62
7166,77,61
7167,69,61
7168,84,63
7169,63,63
7170,83,64
7171,48,63
7172,72,64
7173,64,64
7174,83,66
7175,43,66
7176,70,65
7177,132,69
7178,74,69
7179,73,70
7180,49,71
7181,40,68
7182,65,68
7183,80,69
7184,76,69
7185,56,70
7186,119,71
7187,88,73
7188,72,72
7189,62,72
7190,83,73
7191,56,72
7192,38,71
7193,76,71
7194,67,71
7195,107,72
7196,80,73
7197,49,72
7198,48,71
7199,86,72
7200,53,72
7201,50,71
7202,49,68
7203,39,66
7204,63,66
7205,63,67
7206,58,67
7207,79,68
7208,62,67
7209,80,67
7210,55,67
7211,52,65
7212,90,65
7213,58,64
7214,66,64
7215,68,64
7216,38,63
7217,68,64
7218,51,63
7219,45,62
7220,68,61
7221,65,60
7222,34,60
7223,85,61
7224,74,61
7225,132,64
7226,62,64
7227,62,65
7228,60,66
7229,60,65
7230,40,64
7231,60,65
7232,44,63
7233,57,63
7234,62,62
7235,88,64
7236,56,64
7237,57,62
7238,58,62
7239,51,62
7240,66,62
7241,60,63
7242,85,63
7243,42,63
7244,41,63
7245,50,62
7246,87,63
7247,41,63
7248,66,62
7249,57,62
7250,71,59
7251,77,60
7252,86,61
7253,53,61
7254,67,61
7255,37,61
7256,50,60
7257,49,61
7258,106,63
7259,89,64
7260,55,62
7261,74,63
7262,64,63
7263,60,63
7264,65,64
7265,92,65
7266,66,65
7267,75,65
7268,41,65
7269,84,66
7270,56,67
7271,63,66
7272,36,66
7273,68,66
7274,49,65
7275,68,65
7276,62,65
7277,51,63
7278,41,63
7279,49,62
7280,47,62
7281,85,64
7282,82,65
7283,40,62
7284,46,61
7285,76,62
7286,41,60
7287,34,59
7288,54,59
7289,69,59
7290,67,58
7291,41,57
7292,53,56
7293,54,57
7294,70,56
7295,57,56
7296,57,56
7297,58,57
7298,39,56
7299,48,56
7300,53,55
7301,43,54
7302,59,55
7303,44,55
7304,77,56
7305,39,55
7306,89,56
7307,81,56
7308,53,56
7309,42,56
7310,70,56
7311,65,57
7312,55,57
7313,81,59
7314,53,58
7315,63,58
7316,54,58
7317,77,59
7318,70,60
7319,64,60
7320,80,61
7321,65,61
7322,52,61
7323,58,61
7324,91,63
7325,112,65
7326,49,66
7327,79,67
7328,50,67
7329,78,67
7330,44,67
7331,121,68
7332,44,67
7333,55,67
7334,50,67
7335,58,67
7336,69,67
7337,82,68
7338,56,67
7339,114,69
7340,81,70
7341,86,71
7342,100,72
7343,54,72
7344,47,71
7345,56,70
7346,66,70
7347,90,72
7348,86,73
7349,49,71
7350,60,69
7351,49,69
7352,73,69
7353,55,69
7354,90,69
7355,113,72
7356,84,71
7357,53,71
7358,44,71
7359,48,71
7360,75,71
7361,127,74
7362,82,74
7363,77,74
7364,51,72
7365,52,71
7366,62,70
7367,50,68
7368,39,67
7369,43,67
7370,53,67
7371,78,67
7372,41,65
7373,61,64
7374,71,65
7375,63,65
7376,59,66
7377,48,65
7378,58,65
7379,115,66
7380,62,64
7381,54,63
7382,32,62
7383,62,63
7384,63,63
7385,77,63
7386,83,61
7387,65,61
7388,46,60
7389,49,59
7390,49,59
7391,47,59
7392,60,59
7393,61,60
7394,73,61
7395,56,61
7396,54,60
7397,85,62
7398,47,62
7399,64,61
7400,54,61
7401,61,61
7402,46,61
7403,60,61
7404,43,58
7405,55,58
7406,59,58
7407,61,59
7408,77,60
7409,57,60
7410,48,58
7411,74,58
7412,76,58
7413,45,58
7414,63,59
7415,48,59
7416,42,59
7417,80,60
7418,65,60
7419,75,60
7420,47,59
7421,55,59
7422,47,58
7423,55,58
7424,51,58
7425,82,59
7426,44,58
7427,36,58
7428,56,58
7429,67,59
7430,31,58
7431,59,58
7432,82,58
7433,62,58
7434,74,59
7435,75,60
7436,74,60
7437,62,59
7438,61,60
7439,73,60
7440,71,61
7441,61,62
7442,64,61
7443,52,61
7444,84,61
7445,55,61
7446,56,61
7447,53,62
7448,47,61
7449,58,62
7450,79,61
7451,57,62
7452,45,62
7453,41,62
7454,36,60
7455,72,62
7456,65,62
7457,30,60
7458,70,61
7459,101,62
7460,42,60
7461,57,60
7462,70,60
7463,73,60
7464,64,60
7465,74,60
7466,58,60
7467,47,59
7468,79,61
7469,100,61
7470,61,61
7471,117,64
7472,66,64
7473,57,65
7474,59,65
7475,36,63
7476,74,64
7477,63,64
7478,71,66
7479,54,66
7480,55,66
7481,74,66
7482,82,68
7483,55,68
7484,56,66
7485,76,67
7486,43,67
7487,79,67
7488,59,66
7489,54,66
7490,64,66
7491,37,65
7492,55,65
7493,56,64
7494,87,64
7495,57,63
7496,60,61
7497,54,61
7498,100,62
7499,48,62
7500,61,63
7501,74,63
7502,76,63
7503,29,62
7504,45,61
7505,51,61
7506,47,60
7507,34,58
7508,81,59
7509,59,59
7510,119,61
7511,59,62
7512,46,60
7513,36,60
7514,56,60
7515,50,59
7516,68,60
7517,59,60
7518,120,63
7519,69,62
7520,37,62
7521,82,62
7522,62,63
7523,69,61
7524,51,62
7525,62,62
7526,40,60
7527,66,60
7528,56,61
7529,40,61
7530,44,60
7531,55,61
7532,58,62
7533,27,60
7534,35,59
7535,94,58
7536,56,58
7537,54,58
7538,57,59
7539,35,58
7540,58,58
7541,52,58
7542,31,56
7543,42,53
7544,53,53
7545,59,54
7546,59,53
7547,32,51
7548,116,53
7549,44,53
7550,35,52
7551,46,52
7552,38,51
7553,39,50
7554,45,51
7555,57,51
7556,74,52
7557,68,52
7558,35,53
7559,57,53
7560,57,52
7561,59,52
7562,40,52
7563,84,53
7564,80,54
7565,77,55
7566,82,56
7567,60,58
7568,58,58
7569,61,58
7570,40,58
7571,75,58
7572,77,60
7573,122,60
7574,54,61
7575,110,64
7576,65,65
7577,70,66
7578,64,67
7579,51,67
7580,54,67
7581,57,66
7582,48,65
7583,89,68
7584,41,67
7585,50,67
7586,60,67
7587,46,67
7588,48,66
7589,59,65
7590,33,63
7591,45,61
7592,44,61
7593,108,63
7594,52,62
7595,70,64
7596,64,63
7597,68,63
7598,57,60
7599,52,60
7600,67,58
7601,57,58
7602,60,58
7603,28,56
7604,85,58
7605,39,57
7606,39,56
7607,83,58
7608,41,56
7609,55,56
7610,79,58
7611,56,57
7612,61,58
7613,52,58
7614,62,58
7615,52,59
7616,45,59
7617,52,59
7618,75,58
7619,57,58
7620,41,57
7621,37,56
7622,85,57
7623,50,56
7624,63,57
7625,83,57
7626,60,58
7627,49,57
7628,42,58
7629,54,56
7630,119,60
7631,52,60
7632,50,59
7633,79,60
7634,56,60
7635,117,62
7636,56,62
7637,43,61
7638,45,61
7639,50,60
7640,45,60
7641,45,60
7642,40,60
7643,35,58
7644,77,59
7645,89,61
7646,36,61
7647,67,60
7648,59,60
7649,55,60
7650,37,58
7651,57,58
7652,56,58
7653,55,59
7654,59,59
7655,31,56
7656,35,55
7657,83,56
7658,52,55
7659,51,55
7660,76,53
7661,72,54
7662,54,54
7663,79,56
7664,54,56
7665,77,57
7666,44,57
7667,57,58
7668,66,59
7669,69,59
7670,41,57
7671,82,59
7672,46,58
7673,63,58
7674,78,59
7675,74,60
7676,53,60
7677,50,60
7678,41,59
7679,53,59
7680,75,61
7681,94,63
7682,68,63
7683,74,64
7684,80,65
7685,63,64
7686,59,64
7687,70,64
7688,72,64
7689,92,66
7690,128,68
7691,77,69
7692,69,69
7693,82,70
7694,94,71
7695,90,73
7696,60,72
7697,81,74
7698,89,75
7699,66,74
7700,80,74
7701,60,75
7702,86,76
7703,66,77
7704,95,79
7705,90,79
7706,78,79
7707,64,79
7708,76,79
7709,64,78
7710,63,78
7711,75,79
7712,88,79
7713,79,80
7714,52,78
7715,81,76
7716,74,76
7717,136,79
7718,82,79
7719,68,78
7720,83,77
7721,100,79
7722,70,79
7723,84,78
7724,96,80
7725,77,79
7726,75,80
7727,57,79
7728,97,80
7729,73,79
7730,106,80
7731,112,81
7732,76,82
7733,96,83
7734,80,83
7735,102,85
7736,66,84
7737,90,84
7738,117,86
7739,104,88
7740,98,89
7741,115,90
7742,93,89
7743,88,89
7744,77,89
7745,110,90
7746,95,90
7747,127,92
7748,96,93
7749,86,93
7750,89,93
7751,77,93
7752,98,95
7753,76,94
7754,85,94
7755,104,94
7756,104,94
7757,109,95
7758,94,95
7759,88,96
7760,107,96
7761,114,98
7762,118,99
7763,81,97
7764,79,96
7765,98,96
7766,86,95
7767,111,96
7768,114,97
7769,79,97
7770,111,97
7771,109,98
7772,88,96
7773,103,96
7774,120,98
7775,94,98
7776,86,98
7777,83,98
7778,106,99
7779,94,99
7780,105,99
7781,117,100
7782,119,100
7783,116,101
7784,98,101
7785,98,101
7786,100,101
7787,154,102
7788,118,103
7789,91,104
7790,108,104
7791,92,105
7792,102,104
7793,88,103
7794,95,104
7795,87,103
7796,75,101
7797,83,101
7798,93,101
7799,90,100
7800,105,100
7801,103,101
7802,97,101
7803,150,103
7804,103,103
7805,105,103
7806,116,103
7807,93,102
7808,91,101
7809,96,101
7810,96,101
7811,124,102
7812,161,102
7813,100,102
7814,110,103
7815,154,104
7816,105,105
7817,104,105
7818,126,106
7819,106,107
7820,107,108
7821,105,109
7822,86,109
7823,107,110
7824,84,109
7825,121,110
7826,93,110
7827,163,112
7828,80,109
7829,130,111
7830,99,110
7831,80,109
7832,103,109
7833,103,110
7834,113,110
7835,98,110
7836,76,109
7837,100,106
7838,75,105
7839,128,106
7840,102,104
7841,102,104
7842,103,104
7843,120,103
7844,143,105
7845,80,104
7846,91,103
7847,85,103
7848,112,103
7849,116,105
7850,111,104
7851,93,104
7852,115,102
7853,113,104
7854,109,103
7855,172,106
7856,96,106
7857,111,107
7858,88,106
7859,128,107
7860,115,107
7861,108,109
7862,89,108
7863,111,110
7864,104,109
7865,139,110
7866,118,111
7867,134,112
7868,101,111
7869,111,110
7870,121,112
7871,109,112
7872,126,114
7873,134,115
7874,118,115
7875,120,115
7876,105,116
7877,128,116
7878,112,116
7879,106,116
7880,109,114
7881,111,114
7882,143,116
7883,139,118
7884,116,117
7885,106,117
7886,119,117
7887,107,118
7888,131,119
7889,129,120
7890,94,118
7891,111,118
7892,104,116
7893,122,117
7894,149,119
7895,135,119
7896,119,120
7897,90,118
7898,102,117
7899,127,117
7900,137,118
7901,100,118
7902,149,119
7903,144,120
7904,143,121
7905,116,122
7906,104,121
7907,126,121
7908,125,120
7909,122,120
7910,116,121
7911,141,122
7912,112,122
7913,0,117
7914,107,116
7915,102,116
7916,125,117
7917,116,117
7918,118,117
7919,128,116
7920,119,116
7921,135,116
7922,116,117
7923,119,118
7924,113,117
7925,112,116
7926,129,117
7927,128,117
7928,121,116
7929,130,115
7930,101,115
7931,114,115
7932,151,116
7933,130,116
7934,142,117
7935,142,118
7936,104,117
7937,149,118
7938,134,123
7939,142,125
7940,118,125
7941,130,126
7942,133,126
7943,142,127
7944,158,128
7945,134,129
7946,123,129
7947,109,128
7948,140,129
7949,154,131
7950,196,134
7951,153,135
7952,132,135
7953,118,135
7954,138,135
7955,159,138
7956,125,138
7957,130,137
7958,110,137
7959,147,137
7960,140,137
7961,140,138
7962,111,137
7963,127,136
7964,130,136
7965,147,137
7966,152,138
7967,133,138
7968,197,140
7969,121,139
7970,126,138
7971,157,140
7972,147,141
7973,134,141
7974,125,140
7975,132,137
7976,114,136
7977,119,135
7978,127,136
7979,132,135
7980,148,135
7981,166,136
7982,154,137
7983,128,138
7984,120,137
7985,131,137
7986,158,137
7987,136,138
7988,164,140
7989,186,142
7990,168,143
7991,159,143
7992,121,143
7993,141,141
7994,137,141
7995,154,142
7996,146,142
7997,123,141
7998,150,142
7999,135,142
8000,153,143
8001,160,145
8002,162,146
8003,168,148
8004,150,149
8005,135,148
8006,139,147
8007,132,146
8008,156,147
8009,151,149
8010,151,149
8011,185,150
8012,134,150
8013,158,150
8014,129,148
8015,139,147
8016,147,146
8017,162,148
8018,134,148
8019,140,148
8020,139,147
8021,121,146
8022,148,147
8023,148,147
8024,161,148
8025,151,148
8026,216,150
8027,168,150
8028,157,150
8029,149,150
8030,178,152
8031,128,151
8032,159,152
8033,159,152
8034,164,153
8035,148,153
8036,148,151
8037,204,154
8038,142,154
8039,137,154
8040,150,154
8041,162,155
8042,142,154
8043,158,155
8044,164,156
8045,144,156
8046,155,158
8047,137,157
8048,160,158
8049,141,157
8050,161,157
8051,183,156
8052,136,155
8053,157,155
8054,162,155
8055,155,154
8056,154,155
8057,154,155
8058,168,155
8059,164,155
8060,174,156
8061,182,158
8062,168,156
8063,188,158
8064,149,159
8065,153,159
8066,147,158
8067,182,160
8068,142,159
8069,153,159
8070,165,160
8071,132,159
8072,216,162
8073,171,162
8074,171,163
8075,188,165
8076,179,164
8077,150,165
8078,183,166
8079,174,166
8080,159,167
8081,164,167
8082,197,169
8083,160,168
8084,185,169
8085,168,169
8086,159,168
8087,154,168
8088,181,167
8089,143,167
8090,146,167
8091,178,168
8092,229,170
8093,156,170
8094,188,172
8095,171,172
8096,181,174
8097,173,172
8098,173,172
8099,156,172
8100,163,171
8101,176,171
8102,158,171
8103,203,172
8104,184,172
8105,170,173
8106,182,173
8107,160,172
8108,149,171
8109,170,171
8110,158,170
8111,186,172
8112,193,173
8113,160,172
8114,154,173
8115,160,173
8116,188,174
8117,171,171
8118,168,172
8119,170,171
8120,174,171
8121,159,170
8122,165,170
8123,178,170
8124,155,170
8125,166,170
8126,180,170
8127,180,171
8128,192,171
8129,170,170
8130,176,171
8131,179,170
8132,173,171
8133,202,173
8134,186,174
8135,180,175
8136,200,175
8137,171,174
8138,167,175
8139,179,176
8140,165,176
8141,179,175
8142,187,176
8143,171,176
8144,182,177
8145,198,178
8146,173,178
8147,184,179
8148,177,179
8149,177,180
8150,184,180
8151,212,182
8152,216,183
8153,192,183
8154,172,183
8155,167,183
8156,198,184
8157,191,184
8158,174,183
8159,201,184
8160,174,184
8161,167,182
8162,174,182
8163,168,182
8164,214,184
8165,205,185
8166,164,185
8167,174,184
8168,197,185
8169,212,187
8170,191,186
8171,218,188
8172,194,189
8173,216,190
8174,190,191
8175,205,191
8176,194,191
8177,175,189
8178,196,189
8179,197,190
8180,200,192
8181,179,191
8182,220,192
8183,197,193
8184,189,192
8185,180,193
8186,172,193
8187,224,195
8188,199,196
8189,175,195
8190,190,194
8191,210,196
